RSS0,RSS1,RSS2,RSS3,RSS4,D0,D1,D2,D3,D4
0.002773464907023322,0.00800732864915043,0.0022137712366932165,0.002143523791868554,0.0009520428958316551,7.54983443527075,5.744562646538029,8.06225774829855,8.06225774829855,9.848857801796104
0.0027791337077867494,0.00211554732739065,0.0009707993423488052,0.008115234214456937,0.0021602893187483755,7.54983443527075,8.06225774829855,9.848857801796104,5.744562646538029,8.06225774829855
0.002740482690266009,0.002114678279813395,0.007735915774638466,0.0008922040019184765,0.002121385437883922,7.54983443527075,8.06225774829855,5.744562646538029,9.848857801796104,8.06225774829855
0.002742339393350524,0.0009195549787943672,0.0020942247636635573,0.0020537278361273744,0.007923578806244108,7.54983443527075,9.848857801796104,8.06225774829855,8.06225774829855,5.744562646538029
0.0003275842708972471,0.007360694426011128,0.0002604931745428819,0.00018229967545993326,1.8229952257540675e-05,5.852349955359813,3.2015621187164243,6.5,6.5,8.616843969807043
0.0002708249053695715,0.00012333605838029264,1.8775367897626137e-05,0.007723404110180837,0.00014105874232884922,5.852349955359813,6.5,8.616843969807043,3.2015621187164243,6.5
0.00024449263224413147,0.00011114540546071112,0.006798463330200633,5.361775658505628e-06,0.00013853423105280119,5.852349955359813,6.5,3.2015621187164243,8.616843969807043,6.5
0.00023338197964089597,1.0064098209886503e-05,9.247424671259738e-05,2.425189723340335e-05,0.00710583793829579,5.852349955359813,8.616843969807043,6.5,6.5,3.2015621187164243
0.007574678551124533,0.016922818481563105,0.006432759408629036,0.0037047321708701584,0.0021850046901581302,5.40963266214295,4.389219567876359,5.700647126740866,6.483122196521421,7.433908976011133
0.018925150452295036,0.004524090476861463,0.00815473544206639,0.00848759933707153,0.02068284083473454,3.907417785619401,5.65116831228255,4.882058910849318,4.764591094075798,3.821010888364914
0.005807283086765657,0.0015295748939490054,0.018170880312670484,0.0009226608472117173,0.008028890113973612,4.756297056077138,6.477408269878185,3.5386834383156955,6.9801463376269055,4.391799799240602
0.002624635453630666,0.0012699018361217664,0.0003806654719162499,0.03132006756521886,0.0013780232394810204,4.958873746112651,5.71538500712457,7.599316211351277,2.7260320577103125,5.702212893264011
0.006724915675970153,0.01057399696552472,0.0084809885596849,0.0027918943639462473,0.002505840379158715,5.913178875954548,5.263795972060539,5.608760629817378,7.380594355164139,7.630453512248759
0.011763887856144567,0.0035142963507087373,0.010107990556089519,0.0043802955030112735,0.01607351297298155,4.744097415252673,6.474178756299476,4.932778628956987,6.05645239133599,4.370117847643787
0.011930297538515372,0.026356236247030377,0.004852114846403254,0.00787526595834621,0.0025459360851974922,4.333793201037055,3.5231400787776743,5.51229407815117,4.814368184371607,6.41490537763578
0.012277402977949462,0.002041465416492398,0.002659628931579179,0.013515531948340449,0.02403422650915839,3.847214303134869,5.92439676813148,5.633650124230674,3.7234529762368065,3.2409317676008382
0.0037704924921918488,0.0012230106328544555,0.04633384359734699,0.00018951745005729077,0.0022810147741037096,4.386938653703543,5.4963002638162095,2.3485144054679257,6.99820988467952,4.927590172963897
0.010638139779246462,0.006033834632028876,0.003722355753133552,0.014295737654440518,0.006941814657942406,5.176195342856076,5.998275276135219,6.84405327028617,4.769164632123222,5.797127751439916
0.016994011422259148,0.006454044409740593,0.01493221168738474,0.0051946308394574875,0.011464338944738833,4.235265145541207,5.458062438319386,4.395323779368183,5.705792721488659,4.699414444957947
0.0023734504416968493,0.00047808643909163454,0.0016860640894274849,0.0014242250438489545,0.012399852542775,6.335276489695588,8.868786252645458,6.844739717963439,7.030006727956461,4.197152225815287
0.0018413102406133666,0.013811923704949705,0.001182823601798796,0.001259118041320663,0.00029329675774647523,5.9666950200876165,3.646460454654569,6.718675470516276,6.485545377788949,8.596872982551103
0.04197879675146869,0.013284905467722595,0.0031191019254272197,0.02845831258038198,0.004318187060303146,2.3557107250278277,3.1482160140782978,4.519054875604325,2.5839676993528857,4.145778813289877
0.011186790284258277,0.007077066263866792,0.015354244068978342,0.0035519581899421952,0.006266176177592899,5.028846052476267,5.684879096116355,4.636281904883648,6.71442293406222,5.853267028040968
0.005865102708380542,0.004231415480899892,0.0015057194301066868,0.019347112836548615,0.0032532320577547034,5.5081038922889825,5.965734525473443,7.766775621071607,4.044207391866277,6.410025627723514
0.012295891527231009,0.020948801199821565,0.013849726382860179,0.00310824411197099,0.002629201803162804,4.12147170756546,3.5922104118642633,4.0377540080370276,5.802551218481921,6.088438422897869
0.012672458251276594,0.0014471215971001443,0.006921833123267173,0.003348727056778589,0.048573565059442964,3.6212450285086044,5.974740900659075,4.2146977688783505,4.946024042603151,2.555249945306359
0.01639584700929129,0.04163187117265412,0.0021146024960988115,0.011415277067265311,0.0011196926990965893,2.8897291148721815,2.270874248625916,4.772690421723119,3.1499991830272465,5.248256745016159
0.0069595213606306735,0.0023191469241266305,0.002718007311038586,0.008688782184465936,0.011776443960057167,5.608607288453544,7.411442361544292,7.156664624927955,5.262613692690471,4.897292471733252
0.004474602618640954,0.0028810409867399116,0.01732953705067981,0.0009868342412071933,0.002946993772009233,5.772336494182464,6.438908093080409,4.05149043846891,8.13788439529196,6.417180048354963
0.006038877741133998,0.007849185870816369,0.0013250992172414502,0.01883551147855914,0.0017580606354411449,4.85700221561724,4.524475670430466,7.067137748247472,3.6382008042873624,6.535293486348134
0.03220877100338857,0.03630109002170747,0.008648870975850098,0.007493365885893122,0.0032930984812963096,2.7711150270899614,2.688150801171113,3.9199970990921282,3.998972334217492,4.91243343536487
0.004451068020977534,0.00021799585107578378,0.0008449240154415569,0.0023137150285621644,0.07111383060048845,3.717723925527425,6.327338626119105,5.180936525696804,4.098882663553424,1.8994020857362657
0.006372694477352151,0.013177928263520638,0.004063700885126376,0.0049307356777178275,0.002153390616522692,6.071036652270752,5.029259504000252,6.903324989297033,6.485296921388939,8.026301820131915
0.013070729347478893,0.004740612491206731,0.004595510468731925,0.01288501042917987,0.012215056278904674,4.672643496438459,6.077518328794845,6.161602101140577,4.658524877773788,4.767700226815857
0.012071714197684384,0.0033294984236062006,0.01577483455604539,0.0030744329907657184,0.014555384695181499,4.3772557817226785,6.076978413432117,4.077431142267065,6.1396491461092415,4.170260150150024
0.00399402937601797,0.0014111004334167966,0.0007810021583705012,0.020355927909207084,0.004048626198027066,5.20446967745026,6.563385201587422,7.637365968878385,3.441460490026982,5.205284232641064
0.0038519555232858194,0.006513135838768596,0.017531896997452983,0.0003770071905169954,0.0007395990605397798,4.532052421801707,3.993455458815451,3.1409690871408626,6.871194328611506,6.413369769970737
0.00665966885940153,0.002558798103608137,0.00897320741412021,0.0025165310610762116,0.009529294520828306,5.918897671738838,7.556997000314762,5.449116500338799,7.508250705907889,5.381309843733639
0.0058900530543918314,0.01632437006102377,0.0030305504775828837,0.005224937780966042,0.0016313910287920135,5.668790019907775,4.353248791971074,6.78630684060295,5.8494786130729315,7.8306823160446495
0.014788889437028533,0.004617862377004738,0.003346222557108868,0.022089607697225337,0.011402548302639762,4.077597046575259,5.487172231295237,5.989900771513748,3.657141519807178,4.375446977461959
0.006859260286054267,0.00463171799646688,0.03710815170270544,0.0008649359974285703,0.002623759490134464,4.4348949853288255,4.880289091766973,2.87293237695735,6.861694150807052,5.614211025831663
0.01122589646272177,0.007475046925462182,0.001174839331017277,0.053377502655060895,0.0020683792190526176,3.3967513432253935,3.729486559601829,5.822468924533332,2.274795594828398,5.016649218069402
0.014232404537079956,0.009832917397049985,0.010961825314998147,0.006082400463702723,0.006757379547476179,4.775216396445037,5.276410580128442,5.14774219009302,5.925042920527358,5.810755084811584
0.005037815799399907,0.001279818039178673,0.0031291117843369565,0.0033678624509962687,0.017093375949522812,5.7856090414297565,8.073274157623676,6.519445017514394,6.359511036562029,4.215304062151774
0.0062163740441472425,0.022330921553662942,0.006051179272652333,0.002348633362681237,0.0013246303437802487,4.999992919413113,3.5953629942307628,5.080117944307843,6.3397365923423035,7.285137152317625
0.0345222188616924,0.004551632872043356,0.011852745739539133,0.00709365072805624,0.0255277713602182,2.854650251798987,4.768899306219981,3.7802156720651032,4.2435864069045905,3.091222335472915
0.002882103147107716,0.0005317156667475858,0.025855772421468786,0.00010036473543409134,0.003540796183095169,4.404405368291274,6.054653239258963,2.6216640610110455,6.922748792760651,4.258960841425632
0.0041348021959269985,0.003596016802813069,0.0013039025850238792,0.012027110577631539,0.002446436474444491,6.514809034190145,6.729266146095116,8.737094805422979,4.954659207754033,7.456705079252445
0.010641395596529447,0.0207824346890182,0.008520340915975299,0.004309996215711378,0.0027051671785329177,4.6968356933611926,3.9455314357022537,5.028686483640508,5.901935556248872,6.67482679556172
0.01631212647364779,0.002882720583699762,0.006682812014517215,0.007005629231325251,0.031179198571914195,3.8121332979212728,5.891178127290819,4.805529714274013,4.687387836254833,3.2184997801414372
0.009532167101608655,0.02334684575683663,0.001925852290897627,0.013263347493793383,0.0014302812878481284,3.8861290119956133,3.0818566427473337,5.782778919282851,3.572599245149932,6.0585606400614775
0.003803450455121955,0.0003837731113014125,0.0004088566182026791,0.015113035121472983,0.009035051577930634,4.006571098468232,6.092218011719497,6.302735805334253,2.8949516925709595,3.31513252100763
0.004699916880702562,0.00411624541227425,0.01326560892604839,0.0013460034077222478,0.0026254002647880742,6.185862437123063,6.4026610946477,4.71912005453399,8.382105588270484,7.178838282696225
0.014343259221720072,0.012965160708289781,0.0039387029283390685,0.017309314770124738,0.004435176048676756,4.274442705179558,4.384319521201682,6.004484841827424,4.0605273874202785,5.772301379496336
0.0213408650207431,0.013011885536318843,0.025389594007980194,0.003729769777773305,0.005440690918187881,3.478024144512284,3.9641790878572194,3.348576273435669,5.383339190558634,4.947584062854952
0.004042535624280151,0.00042793686820579444,0.002620044356329436,0.0012379183114775878,0.038110815771385864,4.607193091458214,7.1771135381461715,5.067136531071522,5.7250837320899555,2.634672204377528
0.001382020846384585,0.03031448039253516,0.0006516535649426767,0.0009084024220609644,8.850279303581616e-05,4.743158240318772,2.350110931616925,5.848628368643573,5.175774955589295,7.447958028513747
0.011364102789925968,0.0063418045692186205,0.004572382878399596,0.012024569112961821,0.007661742953683119,5.1979866408784,6.058977065777562,6.637868796073191,5.096746813764489,5.772947873823403
0.013343300099131955,0.005597280540594437,0.015588484651527117,0.004042790917136756,0.009914737627405069,4.630447525133934,5.813763747741544,4.451585633398974,6.2502379086362625,5.008217212889647
0.004718510391117035,0.0025622335874595534,0.0011152496877824593,0.01977034882794958,0.0034541805052428257,5.5632454865667915,6.444433815127813,7.943742725570153,3.8466026825710533,6.030644533551014
0.008867350636080764,0.016114547859685684,0.01607974657649906,0.0017531843223480626,0.0018525919536685656,4.245471252004063,3.643037149414848,3.675691449396866,6.207845413025091,6.227064527622082
0.010905739193705464,0.001022158503824292,0.009518870384090085,0.0015273046999856087,0.039694254183257074,3.4968998493812125,5.843172831920405,3.6122463052112,5.2352930905244195,2.5127571250544625
0.010368904319476022,0.013875981808793523,0.005776160659043993,0.0073068563297392095,0.0036657549751214135,5.255547913347182,4.874152878070252,6.182117473825236,5.746563432069685,6.89087813418401
0.008943724018354431,0.002548974130519494,0.0035225212836763804,0.008660704705596023,0.016214773084070003,5.0596032248602105,6.95721451940323,6.444432536464058,5.066404925486623,4.335474105220393
0.005015139623832762,0.0022611502507446806,0.019915105406393983,0.0009587255577342985,0.004259735315811567,5.3505386821109875,6.488311023017617,3.727294386833436,7.704791037491667,5.581966360174526
0.005729120732474133,0.004594005044425089,0.0010001438328626165,0.032180418514370424,0.0020207748531838716,4.635161385576562,4.8677898017197405,7.071664555601698,2.9934933695812176,5.939197301568063
0.07029016859524226,0.016527077127321134,0.007244091542012561,0.012524764171449597,0.005926574229573281,2.0977904866708497,3.0459888502783565,3.7759471362710277,3.247102258325115,3.9399748445787535
0.004645247244087322,0.0014670690594034818,0.0024934103009194744,0.004342037893792903,0.011763877321722167,6.373878711100144,8.495311627040861,7.471058493084873,6.437075783345699,5.008227231974964
0.00441207978307547,0.01501540380424126,0.004007428086604396,0.0023058500001727385,0.0011816465471769777,5.977632364480551,4.358704018837203,6.1806352137901746,7.0188265204254465,8.274410954620462
0.030921076698828487,0.008837386649627615,0.011196072659174935,0.010101021763189512,0.013255579712997914,3.2751176744130546,4.545247461564846,4.304403800254325,4.35027579434473,4.097989394281527
0.006927079368047463,0.0022625710614056064,0.039500031128911935,0.00072527516341561,0.004947640192087035,4.280346084120117,5.560657152901802,2.7306029055076557,6.7220929011817425,4.660667036762748
0.010946604103327097,0.0022074535678101265,0.000891787040460584,0.08292256059232789,0.004837829936359466,3.2629801159003273,4.633444380939379,5.7930688449442,1.9324678085957092,3.9780989985498256
0.008164839414932927,0.00745436658037267,0.014815295563592146,0.0025118475176598046,0.003768381549523673,5.429987075847333,5.565356583816849,4.661619931172491,7.2964936034395,6.632972590227147
0.005526564342496265,0.001446781044415412,0.0063687092383942975,0.0020513518304447085,0.014614818940252119,5.536969360868765,7.668971940946881,5.313878411797577,7.00562314366328,4.301503083268492
0.005815918792295238,0.016528073221445918,0.001792695590819518,0.008302082719541038,0.0012747565976891364,4.963892722246624,3.791514051059862,6.6812617159157615,4.543259160490887,7.1347658067074375
0.006890914493524506,0.0015565710711490175,0.0010122949394277434,0.030358109205339275,0.007340701000854065,4.175649944335923,5.817049678807173,6.539756337169954,2.846698432519791,4.127231269211184
0.00362985875411109,0.002981243298209325,0.045438436787752605,0.00013661868713594292,0.0007101655010344532,4.016386660235096,4.147293452272112,2.19021816944562,6.5928497616174395,5.573390407083441
0.008576056228143804,0.008965573266695477,0.0028045935815293977,0.014156462744901736,0.003466865502997603,5.296042304332479,5.228667850059535,7.105739630208269,4.6480740620439995,6.690079273993123
0.019875849354665572,0.015923691616946182,0.01347296056070887,0.006235482390457183,0.005669389351779322,3.90116185638069,4.144470278975737,4.3584250327435985,5.238535949414991,5.40938940787646
0.006410722398592228,0.0010461168161294016,0.0031862240900559138,0.0036070900628124595,0.03276308964692083,4.71103473690252,7.128680454516281,5.594996564967841,5.392931486919006,3.0934788769283577
0.009036666713425994,0.06358304047326686,0.004239227260873262,0.0032069732726463835,0.0009744336836936382,3.797203699983162,2.2946056070027145,4.615915075761612,4.850859706452898,6.2906515550174396
0.025750452208049324,0.0010058431354627822,0.002311406647116777,0.008818338978416098,0.046670498745699035,2.423233154342954,4.83582304675182,4.2536229617959505,3.106575210661421,2.087805858100258
0.006728216800552246,0.002813913752672525,0.009819867829759625,0.0024870042008911333,0.008592764950424459,5.9376447525656335,7.445496457156233,5.367514128701889,7.596120226373857,5.574570200635597
0.003355584994511858,0.002280752496410257,0.0009856902937616732,0.011919368873054493,0.0025098377355610153,6.609656164179593,7.253143293446907,8.972257050602192,4.7826470322692485,7.125098005086016
0.006779088193280439,0.016592274249084504,0.008845233488363958,0.0021967323971501997,0.0016879815051819484,5.04672104781086,4.007067884086862,4.755688030259546,6.657493374212276,7.133175565002864
0.020755545431296204,0.003330012990644556,0.014274566533386322,0.004313249068092133,0.02585735868976056,3.3939481389495643,5.364023707051368,3.7415762199839415,5.0038360614441695,3.2039066169208676
0.008800673472422388,0.060611044459651826,0.0024108128376622477,0.005264669233090445,0.0008446987241622334,3.680660617155158,2.241283373611891,5.079916239124902,4.158001462340905,6.170184275734792
0.00942039040576157,0.0036652725469015456,0.0038236904937518114,0.01031079183498428,0.010970752199408166,5.3697046522744225,6.853939254288468,6.813614885201453,5.219397312092303,5.166330690522898
0.006301722124260876,0.003832223994445658,0.018257026958746245,0.0015927992546877967,0.004178237303790651,5.518841878407135,6.266341643602416,4.169240789805135,7.7157412213180026,6.1358123963640665
0.014765176860912653,0.007342090539319524,0.0030405876489343463,0.02765460600950437,0.006379888457273322,4.052446448721678,4.8429295222483475,6.0930331594411395,3.423388870324931,5.038916359898155
0.03506566360085989,0.007856166150659838,0.023615674678529517,0.004945892521675919,0.011906267024078498,2.88539591988314,4.245447022264275,3.2189398581060713,4.721169920565517,3.8245521058163057
0.001189373628735127,9.822168336865476e-05,0.0006046615674348112,0.0003417983964352581,0.018376544307390684,5.388179816173716,8.086869555177877,6.033396991776757,6.137025680446744,2.944062543557936
0.004596346807253767,0.012896313763800977,0.0032821240167977316,0.0033186840881247797,0.0014248075662195224,6.388029766546128,4.890055471061768,7.031044096469431,6.941056656594954,8.584940657133144
0.01888790642514685,0.007808676652082045,0.006027816526002329,0.014793889934297073,0.010363120278336916,4.080004856014203,5.139924562048347,5.532488567240883,4.322551272518105,4.78268279803826
0.014057967776306099,0.004589966509149605,0.02725787064641261,0.0026252712144809853,0.009578867974564703,4.010812221251675,5.340942446727626,3.3737128106919125,6.065582512772939,4.432557177186407
0.005470069951170317,0.002162260855845014,0.0008385264646600993,0.039926736796782096,0.0034214514198168456,4.52711949554819,5.581763582803359,7.040448292519107,2.724281500563001,5.082670278469301
0.020651484775478166,0.014917357528390646,0.034380016049317154,0.001218694547300242,0.0020990107362224447,2.75911638836301,2.9900942591392172,2.453397197872651,5.020586487506943,4.7206760967608625
0.006417348486243459,0.0019128495530504061,0.005178067234260093,0.0033511037952540976,0.015154258406727088,5.762990356951536,7.8234688569065725,6.078801341847401,6.743314463599264,4.606240414225659
0.018418300836799205,0.01446323973425736,0.005966117358394437,0.013816036573245113,0.005687730927635883,4.0439407808777155,4.309325511276529,5.4654371020397825,4.340035871065897,5.489683753765149
0.004718414388382171,0.0009302025665050458,0.0015487623302482612,0.005751004955771969,0.01709730315364634,5.181742356345735,7.4655173857614825,6.760276093325473,4.898936092368114,3.7372393364605276
0.0012296205700320123,0.0007248603766415711,0.011398738230866816,8.613908862169635e-05,0.0007752106363964755,6.049719940181839,6.672651198051636,3.627440378339465,8.720085952033955,6.683857321817063
0.002628216241117706,0.008421458894742608,0.0004113552282414803,0.009651400423012844,0.0002743932755928355,4.294167771928623,3.3002709708280062,6.5170806521057285,3.22605230597553,6.479812128916303
0.011051297253993677,0.01706339803731695,0.007873016141358238,0.00541786973392771,0.003341543657790639,4.931174020569647,4.4085207853913175,5.44814408097425,5.911910056422313,6.722938265896449
0.01220262562771044,0.0027723250578634527,0.005262603594423414,0.0074672012662698834,0.023936001477765076,4.413819886564676,6.423943566983348,5.493717869556178,4.978220159031412,3.700886519508654
0.004421341989285726,0.026340706006610926,0.002602450347347055,0.002633208918313792,0.0007873169189042675,5.166511375429947,3.2711323689851195,5.930408721957694,5.849438603440693,7.660637872231782
0.04339037371030422,0.006154582249899299,0.0045214162321800064,0.023590283816594008,0.013438468258414287,2.517277712303186,4.124417647438264,4.4885329709401205,2.9200078648010837,3.415048056941006
0.011708299644993965,0.0011366778573319064,0.0641839863889625,0.00024875409826424387,0.006691615888055285,2.9079535917018866,4.668725158734491,1.8973056093269258,5.414113002865787,3.3339756410602965
0.0058510509066374405,0.003465895796210765,0.001968310590019251,0.012914327463862016,0.004765105050506609,6.156269053493674,7.03297031115123,8.17441135008957,4.9978291685025225,6.506660120251649
0.007047943467673839,0.009204626895646962,0.012902273419365447,0.0021527446278350668,0.0025908224368307977,5.436722570920459,5.078153376804736,4.670400187131568,7.300908622791641,7.023408211684594
0.008540962084608751,0.0020533835740256063,0.010461237356979729,0.00246882103930137,0.017253783424457395,4.737083761612227,6.7332249803785915,4.47526328752468,6.391552521601797,3.9425380775163354
0.005251071506936236,0.023351414724674998,0.0017653894554932811,0.005669199216411532,0.0009111697441133089,4.810206845697819,3.282557952421092,6.3233984601473106,4.721314616820505,7.176419238435933
0.011078691339785047,0.0018912850263269586,0.0011640807482748044,0.045435400175796586,0.008600544350176806,3.443347696595421,5.114724512514867,5.834145599861006,2.382442410410049,3.681423621423856
0.007971347589153618,0.006020931533508854,0.014666258595027461,0.002513154206524826,0.004461560014305542,5.590873957899788,6.01899507883668,4.7719824462359375,7.466185556163211,6.502879475062099
0.008310701288015697,0.006608126495520086,0.0022650600137306717,0.019121315972629477,0.003862252719063076,5.137723650467023,5.439564015316718,7.189431614558125,4.135756481797319,6.26127398700998
0.02906989430631363,0.013229381972942973,0.012497707710878592,0.008926144551700658,0.008618784834078562,3.371192075595777,4.150211445864749,4.241461066157835,4.554105844772031,4.6374149022631945
0.0035086905865388384,0.0004865968477607724,0.0015045546312434444,0.002451862210229018,0.02552733623685717,5.124690472094246,7.6673618759171145,6.182300682859082,5.504912636569922,3.120331189678408
0.0028893932585484917,0.030338969517966694,0.0028759378718579095,0.0006711320041285233,0.0002785987402739615,4.570530152489804,2.5764226746662446,4.650366969509243,6.012784612684406,7.151331201329063
0.014880842088705767,0.006341440509568961,0.009492084864525421,0.007052739340026193,0.011195720099185895,4.679238948541822,5.857486809881294,5.288173365838928,5.6414339248043435,5.047811659240884
0.005972137565285328,0.002684382416346749,0.016797460825682845,0.0014809336086848567,0.005644212639531749,5.481146942247151,6.717478177080632,4.1768176337321785,7.657684902080689,5.5642996455489415
0.005165236303431246,0.0038802429466752715,0.0010969485359693966,0.02424585098118393,0.0024280578306945856,5.180854452426134,5.537466465362447,7.583096060279979,3.489865306142011,6.246516698083319
0.01150579784347445,0.030467702737527694,0.011993769282352828,0.0022823786544043257,0.00165283852666782,3.7366040039124795,2.9070875711803748,3.735991945601347,5.47419246524192,5.955943318870499
0.014676726448733926,0.0008004506712053394,0.005516829086072751,0.0021177544734629723,0.07997693475972491,2.979132772990836,5.480040821949356,3.7688183490299405,4.421139266097753,1.9286307961828169
0.009889154038850293,0.014298817190146737,0.004294025236266153,0.00924999353449417,0.003249131535804664,5.143729555350587,4.6728782663292945,6.447052906967774,5.229858152180867,6.861495185835345
0.007901737649039628,0.0022392114808101587,0.0024650409617864716,0.011215406707689573,0.01351414128850762,5.014528378039052,6.869497730851299,6.751693538227781,4.550343291903497,4.370468010882447
0.004323772936079402,0.0027443261801047914,0.023713017059387075,0.0006563029967478635,0.0024051632520398357,5.269134067088538,5.871536826388118,3.3966127142013316,7.7453579454814,6.087084928787681
0.02594401930319653,0.01067371618958717,0.0029164820387072173,0.03691795082237048,0.005136433724479893,2.9528168057857633,3.6949316904960394,5.125437442758399,2.677339201041198,4.448115778577459
0.034018955846316035,0.005410699800000767,0.055153362795411706,0.001070572476730984,0.004996767921106763,2.3153501775851084,3.6001258617458283,2.060379011074332,4.7409420182502915,3.7095534325947703
0.004018692249699356,0.001143557934733529,0.0032733496941051493,0.0023559585499084274,0.012736118466894552,6.3780284448548965,8.65713424209262,6.700514562415617,7.243037918277977,4.734186350487669
0.0044418370215117105,0.016663134019156027,0.002194722043873369,0.004106757381897357,0.0010763980542752352,5.720055961333861,4.070136798266822,6.881601691828465,5.837948146104562,8.054319763020112
0.017210309359535266,0.005399587531905784,0.0028230311173938626,0.03327761211873977,0.008861448651487332,3.6342943908900702,4.87049645746061,5.760106830361195,3.0393026736632125,4.3237085583065955
0.03327146861424846,0.0040687959288502155,0.024491719980189352,0.0032756061570823067,0.017626168891748593,2.678210402627329,4.511442967597977,2.9115080751379083,4.676402746758371,3.1610922592662885
0.0007146567638150308,0.0002129758179678314,5.2573512733247644e-05,0.019966129554493894,0.00046102905338981764,5.059147513184948,6.08255723125855,7.789532697716547,2.552082967212404,5.494765204155245
0.005591187168655839,0.008910618853813692,0.00790896109801533,0.002310140621079825,0.0021946299592318836,6.285758854173471,5.574940354017886,5.781517430120167,7.848285478425021,7.996347215746907
0.011027566332029864,0.003681844503505703,0.011622711326475098,0.003783602816786635,0.013210384003998273,4.904061873044338,6.5027444282664755,4.826834947451962,6.387590320249936,4.670541789765251
0.010852219628666627,0.026000251338464616,0.0055649970904196365,0.006079631362024394,0.0024036428848746064,4.522303438091048,3.592953221668199,5.429320299931138,5.236882455535534,6.6327327640456275
0.016107864943680404,0.002710166478969636,0.0038901815789519887,0.012580976706327834,0.02697873055294286,3.669987109856871,5.709076678422531,5.275265799267668,3.887053063711381,3.2162173827219993
0.0028487918386472253,0.001180477816773517,0.03255238406034732,0.00017060596962965955,0.0016948821199702494,4.832055552152033,5.756750703247658,2.6536235714253413,7.460281741284467,5.436666539233778
0.005924431973307571,0.006354683845705493,0.0021087563891171103,0.011585758934554309,0.002819212267576424,6.125655781484518,6.004649639590519,8.029687117953904,5.1547494889892125,7.415625409379499
0.016837640283592546,0.015029641387894643,0.008614894721180856,0.008506686167377521,0.005497631007947206,4.318499587319529,4.4551390430990425,5.189892915852159,5.134577771671733,5.783650532147705
0.006658555587649089,0.0014141380418350258,0.0028136806903088455,0.005411164234405661,0.022739340784349134,5.020358885612204,7.284881276635782,6.230801430475234,5.25215386433781,3.6521926928917954
0.00414599983410211,0.02782611925129456,0.0028931102491426977,0.0019601412339827528,0.000670665658125342,5.062506958889294,3.117160696107587,5.570066212555029,6.01932851781309,7.585595732191845
0.06557591962422189,0.006147826572361426,0.006453644465015237,0.014640767641361676,0.015451693158320097,2.15918037273117,3.926377547461475,3.923270844431397,3.1515179906212794,3.1476466000435064
0.00797897965238312,0.004018490207119454,0.013952379192338963,0.0025342349420274485,0.006860264637766323,5.569138811108474,6.666059895266727,4.804022758845547,7.412960240503348,5.79605552660652
0.00813618936997827,0.003954583010209024,0.00216152403054053,0.019625886248983013,0.0061090474094738535,5.140187766312688,6.169667732144218,7.22929011873501,4.0719067922855965,5.547815842368928
0.01311026771712811,0.010275789352735959,0.025355025873753528,0.0026245492392119683,0.004161565696937795,4.13418800212041,4.4047073405226325,3.5022777043088276,6.157683960358307,5.5481144651222465
0.004823906679059982,0.000670862748961543,0.004565846362553367,0.0012779582656285472,0.027006794027081567,4.722664139341721,7.161016656765195,4.776120663004651,6.147827629209245,3.054006153821565
0.006322754651880222,0.020050177954379775,0.0010377224836188147,0.011874802675561322,0.0006617013397123692,3.786842862864285,2.838577565297663,5.8401378529826795,3.251637678802976,6.051680356879497
0.006069979410091808,0.0024455668741363286,0.0021232261841025667,0.01070137827532232,0.007924162853641205,5.898514434503883,7.428087433983418,7.739046268190865,5.068738297338141,5.5143868327493095
0.0052085129395962075,0.004612023278933777,0.016806692979989393,0.0012686539706466228,0.0025465362489269327,5.654819131926093,5.833322935884464,4.172610376644218,7.908431037463483,6.776894742821303
0.014212087770008921,0.013613938426916935,0.0030288608218172635,0.02178593170143049,0.003657872774894001,3.978277554707241,4.012429636022047,5.919304690632747,3.55179061658032,5.617276299110347
0.028430983986283374,0.016237654459084847,0.02625683716997684,0.003549670501102257,0.004656518103871881,2.9369133267859047,3.4007390134292725,3.0282451916325064,4.9072039734924315,4.6568115637896925
0.00295888196013431,0.0001763016503357243,0.0014101699034192007,0.0005774966900430202,0.06000081913724749,4.225282499199325,6.889067049544082,4.871463289707331,5.289127509628976,2.0607715989323463
0.0085094978237266,0.016349866957942875,0.00700934107722648,0.004154049045156427,0.0025712298458169117,5.325838064345265,4.493662862846418,5.658663380192603,6.380331568572676,7.248178823010148
0.01582206302592623,0.0038572033232158816,0.0071681924749793,0.007922727201729386,0.021329255267010776,4.1673279106802825,5.98846753511261,5.133797367560593,4.937344267832424,3.856358439145936
0.0054877517301802105,0.0014288587891938638,0.014562703480689025,0.001009084868095441,0.008857803607957668,4.933999641757493,6.745823940445863,3.829744024635798,7.072606707253878,4.37979043953402
0.0017478441848747571,0.0010360091683380656,0.0003025589438564976,0.017914929369140995,0.0009444286075073845,5.593104642621747,6.166429649929258,8.247736626439233,3.2466104828769757,6.367164554109404
0.005207638600831443,0.04387578970605503,0.005435576069042787,0.000595377214444834,0.00034136617291814146,3.634993763182319,2.1498561368730567,3.6453878953409014,5.397916858312171,6.148534614645832
0.01070443231535212,0.004118101568952574,0.0076810298398842965,0.005574503915846286,0.01239381901916425,5.289449456668812,6.786283516933039,5.7781729064740635,6.210416167391445,5.089489870027342
0.008466898798524301,0.015907012409671892,0.0037409070625007436,0.008005878617312303,0.002516901301602378,5.240438979903226,4.445198684182119,6.530619041279616,5.31746333714248,7.15294415344646
0.009815932966644066,0.0027616409405672162,0.002630085662843344,0.015159601021383003,0.013209089277815852,4.617898432500147,6.347380817259924,6.468779144974373,4.099374127756487,4.284942079708356
0.008457939600387335,0.003608707096244967,0.038562621019112044,0.0011584251488574748,0.004725823300904965,4.306988464798541,5.308584897032946,2.898896456034447,6.68555896010246,4.991916031225793
0.011156665336887162,0.0038957281726345787,0.0011808264279651365,0.0713912785975733,0.003942774561422081,3.507050429554961,4.48915904271195,5.9942165059431085,2.1605957305249106,4.521753699630355
0.0139182583839629,0.006949077305379156,0.009855619604718693,0.006505557078841882,0.009396545421485254,4.869651990335709,5.85092500114025,5.355191186595771,5.894823862420999,5.4031192514133
0.0031582726162551556,0.0008506911789545669,0.0020524188493202776,0.0024044984743411524,0.0114999644679188,6.614775786127723,8.996762652721022,7.35208502209322,7.03259292362325,4.750660919502408
0.0028297685923527574,0.013699942665807882,0.002139101179970887,0.0017661898910913904,0.0006423176094336487,6.2170553595172,4.162811263160565,6.705142211311155,6.953029743406572,8.716338513040132
0.03902079833760183,0.014630335953891524,0.0070986041280891015,0.016525337789764435,0.007680078946515431,2.8337375931689937,3.6570419307140543,4.435150145246227,3.5198836178204496,4.322751648068349
0.011721887352541732,0.0036920565775273315,0.08091338475188137,0.0006579596182143428,0.003850823438868543,3.336767878171792,4.375451231076325,2.0267810118685343,5.844672657688138,4.373038562609623
0.007088329022590545,0.0050382854514017545,0.0022743053648336363,0.015017725861198839,0.004332219561655639,5.7430921100281145,6.262258602869866,7.728823077242532,4.71502999027765,6.538373739647858
0.00951613589468186,0.012448375675087994,0.01375246814673325,0.0028659026436519096,0.0030599041264431897,4.911547147146771,4.585055928804219,4.4953562580766,6.636140660825592,6.574484990250449
0.009769277682035029,0.001976303347190564,0.008509285133054208,0.0031258476070589836,0.02491100320023477,4.436276563205476,6.576219195216199,4.593344705872008,5.853399345980931,3.4805804956878097
0.022375224284807118,0.03574424177751618,0.005421444687552645,0.010421188056038765,0.0029130585654406137,3.198670890981608,2.8319298807207587,4.628988992026991,3.8775574591898816,5.333213298594671
0.005972742317323967,0.00045358081090142454,0.000983645516685997,0.00627661715041094,0.037032733894316563,3.77720377447818,6.222721784002953,5.54947252509277,3.7064661607931746,2.4108650536186222
0.0035586964862130144,0.0024764280098183416,0.010833446396227426,0.001036212436541234,0.0027035500727889904,6.736974351017937,7.382986395769189,5.024891411009219,9.029070446071009,7.229464620041668
0.00835673052593318,0.00983486100520064,0.0023600130889681443,0.015930001497979,0.0028660616094222154,5.009897398306571,4.791813581113006,6.944137202488072,4.23994131989336,6.575459412617407
0.023537701903282134,0.021839866958294804,0.013359570039780957,0.006230277706264265,0.004731293033746785,3.4630980001693366,3.5386607466700757,4.055656622241347,4.851571382554689,5.240608327048502
0.006846287260908338,0.0007764472312015924,0.0026883130306641456,0.003497853738585747,0.049602656453894944,4.191158348024682,6.690407094200651,5.230147656644462,4.8761841727041455,2.523899663279734
0.005555578713553416,0.09872553581758589,0.0023276038633432868,0.0017439147965605782,0.0003649548898223997,3.717789999948627,1.7999787481672274,4.624756909674535,4.717578668538942,6.35641419934088
0.01344569517882057,0.0047048767800354375,0.0056750377493468025,0.010145278907254654,0.013615654844124662,4.706164665805549,6.183252666556573,5.920112599003024,5.024762535531303,4.697164909269668
0.00890275555521818,0.0027680155228957492,0.015272596578540921,0.0023120763686141277,0.0113944406887428,4.818809463120275,6.47859699204438,4.177799097418225,6.7072978154638765,4.524337553541793
0.00562112305862839,0.0017909314712636366,0.0011309497973701445,0.02134736308986597,0.006163961919635007,4.901702562320291,6.403140212048188,7.213705458622919,3.4663856645140503,4.801371829359407
0.004611562741197875,0.005285275595511809,0.026350741808914144,0.00044718211259253297,0.0011285988228147187,4.483152141145412,4.328837760070775,2.90565739348238,6.910460285177433,6.120332498181681
0.0020102422685533954,0.0001405938881913264,0.00566095496156284,4.268912241409151e-05,0.0110083627130812,4.281225892379226,6.605735768300367,3.4650281734141446,6.375842692586042,3.0036719598774035
0.004839436531291911,0.010605740733237539,0.0025887607188893242,0.005142351129604872,0.00168213928529708,6.503129794043748,5.303234483633308,7.7098296510339015,6.414040925064123,8.512173532533364
0.009907768100656104,0.004506295984631098,0.002913006029521479,0.01733228928126278,0.007780565814750398,5.009393841199539,6.131418448706016,6.897690636681472,4.313921324402253,5.34731344876689
0.009600369060464938,0.007351976926393464,0.024470037629692777,0.0020552652524593283,0.003835183393237046,4.624363163348925,4.954963861633076,3.6334800760410384,6.750354944007742,5.849598487331177
0.008029873321961412,0.006855168573438637,0.0014318690117097938,0.03134154558721981,0.00250725550759122,4.36550270880938,4.521810293056924,6.6822776412573965,3.0761003440062784,5.802452884328189
0.06033970363804514,0.01944190379658816,0.011774389921801005,0.007905062246459081,0.005640440399273056,2.2505825200225744,3.0200898615556686,3.463188644441851,3.759862733115577,4.124233333237947
0.0051336275785148515,0.001643849911305997,0.0030382683005951523,0.004185304835794205,0.012511989721296737,6.29765023643442,8.389450891421282,7.205712021816836,6.587754644760941,4.993787214264907
0.0061681652840516665,0.017635921557561676,0.0050555350982082504,0.0032282488635255015,0.0016659376664806271,5.575307954870729,4.2460297659076645,5.9265271289614265,6.560822644529716,7.75495640286364
0.024773705690497156,0.006000042337811096,0.008667111819533627,0.010594344189516453,0.017877095379449436,3.5418737712113195,5.114317790203345,4.681652289865082,4.378569567700213,3.8643878122154045
0.00734461332805864,0.001930550475853767,0.02751100545613918,0.0009479512533349348,0.007620215663645634,4.32797187525136,5.9168728115136275,3.072079464842077,6.635134427246307,4.295730117023692
0.0018742335144347898,0.0011289658196523453,0.0002559023096667552,0.027074547205395177,0.0007654169437639491,5.031178619395512,5.507407952536807,7.699243420288735,2.7105658736997467,6.02444804483028
0.010177742208954876,0.014226421752982407,0.00851231907376012,0.004772404281845955,0.00346444739617147,5.20246819518497,4.769814047107179,5.510408297017686,6.306088410732992,6.883329470528151
0.011134441951355116,0.0028200554894867,0.005911787257463629,0.006125886564282336,0.02125159741673801,4.697177236999049,6.6645023358476285,5.5403728761740885,5.425054505211767,3.963755366700314
0.011608985748609817,0.017288262014437727,0.002962392517074497,0.015234515563337278,0.0027178606153560048,4.247122069578234,3.8226150060995145,6.037224632473087,3.9532278564303867,6.120760268376781
0.004985480478288135,0.000903880578168318,0.000983117053454663,0.01191454886449365,0.011533049983440156,4.638357798433392,6.689945391698891,6.7273866983147705,3.710929040538667,3.778009633214625
0.0016138412793732853,0.0010992162300257195,0.02540942440135887,5.9453329500056825e-05,0.0005614940219833181,4.928000369028949,5.262400648130232,2.6195208899448446,7.596610137518016,6.072685953748755
0.012349434896792631,0.010893833874477413,0.004665866224932214,0.01258250287696106,0.004995240804180562,4.878777691939314,5.043051351501287,6.336951285977387,4.842312663787723,6.178395956949543
0.014951640494049291,0.010092268656161538,0.019706415718267846,0.0037756713868774133,0.005775507483581547,4.27539088277257,4.751371279291456,3.995845388314455,6.049062244156174,5.475619176614997
0.004755784386178041,0.0008601890545319405,0.0038009277284443087,0.0020062475869059453,0.02326221514486678,5.189821514835279,7.6090390888531205,5.473152095091051,6.317681604488685,3.459916018633916
0.003458331468501131,0.030848833921581272,0.0017294954894711955,0.0021743196155347894,0.0004568395051318398,4.942106086881723,2.8510317105535155,5.891079555854348,5.490355800363188,7.53129758629979
0.042862090235480634,0.003992344224312993,0.0022990324349787122,0.03544258937234233,0.009469906634824074,2.2172586541092265,3.9098429439655566,4.531001548440176,2.302715103193891,3.2473989640891476
0.011643887791766547,0.005045708181352446,0.01516924183142407,0.0035938361463893156,0.009321597699937874,4.870349407041897,6.062805119793561,4.546138556264173,6.540124686930289,5.165559095853197
0.005412499886009971,0.0028205985326745283,0.0013156984977563588,0.01994427572495477,0.004088642158036275,5.472631256427091,6.419440603741625,7.789386565877886,3.9019024417541046,5.889835997095241
0.008337699113043233,0.013194445557122018,0.017424984956823212,0.0016739804340904377,0.0019785995247876163,4.411266552793243,3.9224308869122124,3.6766093261294204,6.434367805977749,6.2875337881383855
0.009230354488399555,0.0010303091157362419,0.009991556723852593,0.001381470452153503,0.03159568173502102,3.7589970641095496,6.05994365134375,3.677169536274742,5.544235029060495,2.7453962917048975
0.021717557747429155,0.0818868326257631,0.003624626117705,0.004487758972418604,0.0009118396744549094,2.5340977452009197,1.7990919192558845,3.948537201361151,3.640378652548636,5.060293571575957
0.007712131631970612,0.0027032939749798797,0.0038418992606699975,0.006905611125698964,0.012638659438461724,5.7319631377864555,7.505807646836471,6.881717038252637,5.861123905131921,5.037226855580027
0.004557716433331806,0.002386361942997113,0.013431240570765987,0.0012283473329516635,0.004155377943798292,6.090754036396095,7.158610089738656,4.57528644423959,8.32233881892032,6.240903063406974
0.005000806635369395,0.005007182518471477,0.001225472639393303,0.017911059119301045,0.0020722513858918204,5.467250237822348,5.442378685977441,7.755420012117686,3.9541257898025375,6.794274395721407
0.0316076232967024,0.02031889237662687,0.006758529470722028,0.014597645898122095,0.005464561780551484,3.0403192549846345,3.4115785843960866,4.564273097323454,3.695198700680385,4.779980534160222
0.0033969565087546795,0.00033335961471409075,0.0008054124866807652,0.0035836811718517082,0.02632062020062123,4.557964666790907,7.059535100533227,6.13982271501124,4.455632484357377,2.7772374712595242
0.004275950507192988,0.011741335150220425,0.0034910926519081467,0.0028129630153633624,0.001373974215046268,6.597080855826224,5.07993031177372,7.015813186234387,7.336301314182607,8.788473113353668
0.019612545890834825,0.008724309782413791,0.007703939604743282,0.01169680850527454,0.010143584137358365,4.102132990081065,5.07724116909436,5.278350807541706,4.668404747785549,4.886370048151918
0.010603443076617486,0.004236165575045128,0.02760268622491241,0.002060231824875702,0.007157384850650806,4.399906139968918,5.565673681418817,3.4243246856912206,6.556855079078543,4.872537793905172
0.00838125663840022,0.0032933439493966665,0.0012819206715760168,0.04435732123263669,0.004618175752609779,4.181878017676924,5.227607049545098,6.6055058129567445,2.7098893823279213,4.862955073307315
0.012523420966474713,0.011308048230945422,0.039059250043511407,0.0008708992895710636,0.0017623944532153706,3.241916099388255,3.3191050558642394,2.4470301630919797,5.570644789596942,5.099370708144483
0.006312041278762836,0.0020049406536879998,0.005963108432669636,0.0029664122953335526,0.013326943614860708,5.871884410343775,7.851887134408883,5.940563650478025,7.047535496292,4.827620685739592
0.007013095345777789,0.01346020829351533,0.002493440678047032,0.009556718953467996,0.0020509454916421725,5.294614765591308,4.466183079522793,6.935666855625298,4.8951421123207135,7.2193559084048005
0.006824844092945019,0.0020315204193153994,0.0015383961776705174,0.018177966413243055,0.008679464578005364,4.832646370143335,6.475722615224067,6.982716769882241,3.7350513235194533,4.557845816654473
0.006522057413930269,0.004658738134649521,0.03978128230430353,0.0006987356451636429,0.002201447423027223,4.320790924000352,4.681496910824075,2.72147571949343,6.7773179301295405,5.605537894956405
0.009535815931281671,0.007157513766890877,0.0008964044374138935,0.05263163605213867,0.001429827100793052,3.3528575327698125,3.5652566491635675,5.810045378110012,2.174092908411467,5.076637892906832
0.015243519125478545,0.010945913300431336,0.011392213950110096,0.00622672748747468,0.006520070979040391,4.594189985039153,5.024206367642006,4.995486824385951,5.766998753654667,5.741995612381956
0.005435867255997133,0.0012864092278564196,0.003220458527835935,0.0035468317364229563,0.019452835317686743,5.532365678842918,7.83644081692232,6.307829288412297,6.11763268569846,3.975466681001361
0.012311089159119569,0.03509000324735994,0.006506828588913851,0.00516883782590029,0.0021626507396391914,4.068096743277535,3.094247567272955,4.848590436173793,5.0586552568419405,6.286847717080156
0.01811331865505217,0.001961351273635571,0.0038577066911620467,0.009678768080456035,0.041949508153412064,3.2447523814597647,5.497275832497838,4.777150767498639,3.773018231941743,2.614726459003472
0.003476703120667635,0.00029142677975591073,0.011224511527933462,0.00010163616509218142,0.011418802345024605,3.9664952594872167,6.17182103368019,3.059275962591789,6.173086737749374,3.061828606452673
0.0033300948512498913,0.002115291877695541,0.0010095143567203366,0.01114536397876002,0.0027359730458418135,6.726037590733811,7.505905184649462,9.062280380951634,4.935001280744278,7.080999272912044
0.005432895972649029,0.012408002565583285,0.00855462196799436,0.0017469925207684934,0.0015081513623121194,5.438454619408314,4.399341431738811,4.879260677778302,7.165639715546246,7.469897741047971
0.01764754060717551,0.003495691447247652,0.018763040064591032,0.003382103073045739,0.018799336829059377,3.6216323261767127,5.436938822382028,3.560891763827065,5.4362203099511035,3.559794608357542
0.008711384756883727,0.06496470509699959,0.003275789045044443,0.003928871311860056,0.0009142016609732286,3.8050774008117787,2.2682414555570274,4.8805861586114405,4.597510935354854,6.3096995769711235
0.02015238589791219,0.0008808118109170932,0.0014840341122734392,0.013359445939035262,0.032529712230181355,2.5488359310343136,4.881550629107227,4.601239524533139,2.7967345323675543,2.2723539913767725
0.00479945827092586,0.0034192097288477195,0.011957468578464988,0.0015100350878591664,0.00342058867923408,6.46202850981925,7.05389616237644,5.0760207203915675,8.587760975340958,7.05394739517134
0.01420530156395568,0.008542889759940511,0.004389812375500048,0.016639019998114724,0.006763064056900317,4.530550735172928,5.17182277287906,6.189656019027346,4.328965037288988,5.504909548201629
0.019455571746571133,0.007834323670203005,0.02225584336617471,0.00423010631973486,0.009105485346178391,3.8168131381926114,4.8432003911299075,3.6996415414359487,5.607920963123579,4.656128760581967
0.0025870276438368827,0.0003959391259499349,0.0019056131771581653,0.0011139007821061022,0.017953050991224285,5.641292056967599,8.208493786038554,6.023022032881657,6.585708597822526,3.5027106515637128
0.0014270107471818427,0.017127920885127036,0.0009373337152044126,0.0008547534986257606,0.0001580142661014884,5.510683819784975,3.0827061550929566,6.264184510742946,6.123337712281431,8.199524076715175
0.01342984431196132,0.008911313126843649,0.005656139123122968,0.011525050780254136,0.00683138030238358,4.876368060564659,5.43884851836948,6.163170468064338,5.057001157382692,5.828967122777447
0.012530686206289995,0.006622233088224236,0.01978413120745638,0.003259143058865284,0.006999773436145001,4.598275102119552,5.441774372859829,4.084503887185219,6.450201223614189,5.354937861864614
0.0062451364509047225,0.0038545758846500744,0.0013322541781112338,0.026295513432513826,0.003378547313433723,5.037759496529988,5.66303958819305,7.395663365264434,3.4730685103294054,5.889653989184293
0.01412049858550488,0.021777566355818432,0.01813755131297903,0.0024772697554861084,0.002391555180515862,3.6354983621333172,3.251847419591567,3.4448508736727246,5.528715867206809,5.644394125310859
0.008778825342573127,0.0006074866199834523,0.004821659410996099,0.001465362017667744,0.07055595955251559,3.5034948671993527,6.0248490645317565,4.032115923258562,4.928589428060444,2.0615882999753485
0.011505600361136938,0.01324722289520105,0.005155316391735252,0.009700176514711665,0.004124956125774396,5.012810999498833,4.834751938291734,6.2361474027300945,5.231349138111093,6.5484136955889785
0.006861946617396374,0.0019045247746352894,0.002471792981637442,0.008384917413338038,0.014439913585338717,5.287761395773563,7.271426231037419,6.859665751612634,4.986564642458677,4.364309994013639
0.0028034494203558994,0.0019338401478603703,0.015000413063201165,0.00044675694669690287,0.001724958607040354,5.98208296553484,6.508855669623856,3.9004158220745615,8.506314691333412,6.723498426049461
0.007039602256499766,0.012551382444464477,0.001328859727919631,0.017675223263666242,0.0012795006769267805,4.241733057890942,3.6486882021622646,6.378047159766974,3.362307704032767,6.218655246290115
0.02460846449498872,0.048474713397550315,0.01022171264169721,0.002685299687052356,0.0015247078384014352,2.6175355734813426,2.1997239388842025,3.2972734265723807,4.339466892061769,4.986401462937012
0.008453379587102138,0.002499520197266131,0.004904353074038214,0.005507119014126668,0.016634369716082353,5.345623529084141,7.295865302363016,6.158696600675453,5.9347989022564684,4.463376672338039
0.006407049606860098,0.02159157104793507,0.0042702507419027326,0.0037084570086905397,0.0015361404927514053,5.298231286366839,3.8661914827883566,5.9332019556128035,6.077797634142258,7.562742422302084
0.02673684852712674,0.005564586469219402,0.006260022918191571,0.015060989043710778,0.018266884571203075,3.3043770061257565,4.9458827203066695,4.835687274234877,3.8018342129856353,3.657329478485242
0.010126776854698408,0.0018950888405698534,0.03154614857237659,0.0010015970634949883,0.010514727456392101,3.7359153504343525,5.492411005805481,2.784844852865036,6.013215957929099,3.7077686490029125
0.003319063340288672,0.0005694539865407044,0.00027629070908080823,0.048512762019518436,0.0027354454529580473,4.001121206842931,5.517309877571914,6.601897154496112,2.105444320126421,4.192521143482029
0.007153324813786174,0.00760962715465636,0.014406858177756679,0.0021233870757676925,0.00301573178533612,5.497919678829909,5.415304685318843,4.597448124220015,7.43758780350432,6.865035815995
0.006281595101027486,0.0015954837514181987,0.008213578173404188,0.0019897561532526615,0.01474690844891691,5.22051112369319,7.281401451591722,4.847316596423905,6.856456417074496,4.181945203606407
0.007806544102840229,0.027577360263936746,0.0025229862757652636,0.007448172306475965,0.0014025736792838352,4.452256909851177,3.2137832905620756,5.943449557617117,4.507836569652454,6.731773922521397
0.010940151696115197,0.001636616701089473,0.0014017869666781866,0.027154306493608883,0.01348401742725471,3.561706107883308,5.464268341962937,5.789739612874499,2.8018593849403612,3.3931213189168683
0.004837971260703282,0.0013075073293996125,0.13290135643583526,8.158395546047057e-05,0.001432360305047572,3.497649682825768,4.480256475301719,1.5499100048258978,6.169674674120425,4.51601688693249
0.007984691259331456,0.005752296921514419,0.002843291029647684,0.013443914991157898,0.004837691825423581,5.7343588254261295,6.240531879709978,7.538522178504786,4.993638517321468,6.543814188667687
0.017832969809805175,0.008625785104080491,0.011349119174584253,0.007259071662652595,0.009558313954309951,4.310695064267362,5.225909069884365,4.8848613867231006,5.413161101121937,5.084688610672076
0.0034243871589598527,0.0007649985430970711,0.002019152611782562,0.0025193566955371365,0.015148723721781556,6.041130168079286,8.478794374434669,6.863553443473019,6.471641333073473,4.135281534721709
0.004746974231299702,0.01943155705240827,0.005843129710662513,0.0014417775507335278,0.0009004671138382745,5.0126715611361155,3.4991139933292175,4.797683411953442,6.575407686091589,7.3491464552921535
0.03900368739581264,0.003915594725595249,0.0181109752610959,0.00420918829656298,0.022152076767503998,2.553146386112628,4.505790240798633,3.121342618772208,4.392531524539829,2.955497799654695
0.004503686763735144,0.002403675531965946,0.01052018846245317,0.0014608184094933706,0.004605546338177248,6.545869884915173,7.700562865275646,5.235071074819948,8.619214345986661,6.51138669243476
0.004433260940366168,0.00423504152050515,0.0012892124767846394,0.013690143884146447,0.002253883463056221,6.118154250059321,6.169088288372896,8.355464382384634,4.588010223369127,7.266771810460146
0.008858314375632538,0.023664731157976997,0.007956315514068672,0.0032244211378999205,0.0019552793469434513,4.6694541461778645,3.6188820887319624,4.849650397128672,6.007370062859871,6.819919095881584
0.023031052558745584,0.00318987162012297,0.008672074962687827,0.006725966772435804,0.03406982809133034,3.262758490329705,5.348342283527916,4.206451384559739,4.426844551344966,2.947273443483747
0.007228169407930658,0.03371751145059076,0.001490185535301026,0.00815094388579776,0.0007460989581423174,3.7978100899314233,2.569971968127508,5.5901502252988395,3.687403343405923,6.184008978115141
0.007500511416524391,0.003045842354142559,0.002747025891465992,0.011098269161790655,0.009021540019292756,5.661319922126321,7.134325782097934,7.362764063598769,5.088299506230672,5.403932101370395
0.005394491763805981,0.0044142845087826,0.016804606892490033,0.0013591654172584692,0.002847651583294731,5.69855833802428,5.99902449594729,4.238708749224988,7.936024344908201,6.705135297721923
0.014822125100145979,0.012080983798191685,0.0032352960372981727,0.02271019138044294,0.0042999936168064,4.012208846375169,4.223123230532466,5.947157500318901,3.581474182548713,5.510069857415544
0.029612409244644082,0.013699991678387554,0.027007694045568922,0.003941747291536109,0.005831713628098423,2.980461588269735,3.645101910667222,3.0801537492717586,4.927368003219349,4.525431981496669
0.0026488504464895375,0.00019088075598141458,0.001358619806932692,0.0006360106152450651,0.04468435487374299,4.514689768255817,7.173054233048773,5.130297542728748,5.517689238282536,2.3048080998054097
0.004672597799541365,0.012730131398471702,0.0027790914053631567,0.004103282648641337,0.001445845254096396,6.319736278003204,4.8734064770872205,7.2894344812271905,6.537757887144161,8.492823002753791
0.014911585332063989,0.006274963836879184,0.003995334720787205,0.019283854473902063,0.009115706804030612,4.309394650972309,5.389672809355063,6.091059351521392,4.00509182065796,4.9084815904469075
0.02068011719554824,0.005281805690832461,0.02130059592540672,0.004091310656795724,0.014134339378935792,3.590710426137136,5.102701124415299,3.5716461839928533,5.387925970641129,3.968481317031833
0.002858225004050173,0.0012082295327180046,0.000475295102342211,0.024832160409526387,0.0020354520158234073,5.192392875290659,6.190922660987669,7.784739985921672,3.0528201542722164,5.620886420166108
0.0039435103052957625,0.012843200032826357,0.010973883016129669,0.00032033890662847627,0.0004142773233424086,4.031318331536086,3.047092676602896,3.197826402503862,6.1868377447454534,6.262450095653521
0.009891850612414035,0.003326329750523663,0.010323261411689134,0.0036394742204643384,0.013176426150353268,5.1177708435861815,6.774325897368356,5.049700778379452,6.548563114436295,4.742537870293293
0.012021684368375397,0.02395302095114521,0.006086547238812902,0.006712426582328663,0.0028246725155388875,4.481335459052229,3.7422590336688137,5.400744839190411,5.195833924893659,6.493091121957389
0.013585642295398506,0.0024354899919026263,0.003712176970793307,0.010920629382811334,0.02700613493872406,3.920671449172869,5.996704633175036,5.458083479315393,4.117360071398049,3.2837269629455528
0.003096881581706796,0.0012071388585677795,0.0294349148655271,0.00022182479945750751,0.002115403602674465,4.908727515902869,5.945676945246208,2.8014192498681125,7.506214880832568,5.3703014173816745
0.0032726756712620317,0.0031077910883737605,0.0003131548395158553,0.040134463525348815,0.0005222644040155745,3.990907888081164,3.9904329368803486,6.55278177712011,2.2171473843070344,5.650764241990404
0.012808413567961387,0.01069259388898318,0.007695181598294092,0.007625340498266149,0.005750611283888303,5.043268816258722,5.3007014886999055,5.812013156711703,5.752358105360392,6.226691291030087
0.005759963896471051,0.0016186274288878364,0.002936656332715053,0.004901151174603119,0.015383786940921504,5.772351784426265,7.915149253747114,6.855531710760638,5.970073300144102,4.47107398029206
0.005567459633460839,0.02173799796056027,0.0040859958107263795,0.002953590617409,0.0012680843716238017,5.346001764094479,3.7591886983560565,5.834019416624756,6.254893058226327,7.682966227542241
0.034555176009630054,0.006483898441668906,0.00767013333199632,0.013797442558199641,0.01773709325658287,2.9906083244619683,4.600235822776319,4.442197561514788,3.7622276811956126,3.567254781414965
0.008378513578169898,0.0016178414622971067,0.042019708522952025,0.0005840834809989696,0.007258924520377335,3.7414228458172683,5.37432256686211,2.474057248675428,6.154309916853664,3.8875630888415724
0.007016333718123404,0.0037133467848968166,0.0023771592268495368,0.01340124211117696,0.006042918592422155,5.831099400141825,6.863602594704659,7.739651952809775,4.90930016173757,6.074076049131437
0.011473931762283743,0.008546568149222647,0.01841419957116296,0.0031361996224745317,0.004988603851668311,4.751303623082304,5.133115345390544,4.2200369178890105,6.583392791645041,5.899228685883112
0.004909578626082765,0.0010489170627657196,0.004659596050685574,0.00194885669004934,0.018561459408770933,5.396096030494448,7.717415763541151,5.448395284235756,6.67463059407436,3.831083224530945
0.005372943377218045,0.012696779764389531,0.0012772571208192855,0.01140501818023317,0.0010535509515894055,4.728965286255607,3.792626173145244,6.7342426870432,3.921249901399596,6.807511444573179
0.003150887395703362,0.0005759129739120584,0.00040311237577824805,0.021090439487981723,0.004432661139096681,4.530853161441309,6.262283740603353,6.989197063558895,2.865027948873296,4.223868261825915
0.0049516433536167725,0.00546593302479543,0.011217434481632,0.00159294835207583,0.0023870039033456513,6.283334510085751,6.130622032843294,5.087619396307614,8.311240220904677,7.574698582893279
0.009197189744831481,0.012454187158064256,0.002935185261154944,0.013120212023102729,0.002917928517966462,4.968607941527674,4.58405072428122,6.698389448997465,4.52832292827965,6.660376018697485
0.01750051565432757,0.020329972778467358,0.015099924796684025,0.004458760212986323,0.003887576971268857,3.8167531436136577,3.682489292872787,4.010273584987283,5.390075592431215,5.619117522035534
0.008767148762296317,0.0010827618513209812,0.004316248125923674,0.00340166712633172,0.048986954771184976,4.051183186944257,6.486283582582901,4.8228734396286175,5.056091594669194,2.598517984289348
0.004501668077098261,0.06304205778842918,0.00280440886642572,0.0012169044667212263,0.00036534960654049546,4.0638706712020145,2.0969159625466123,4.597917529765954,5.281026799210811,6.680795844098894
0.01434483485888667,0.005441894441868191,0.007161276792768865,0.008752051491482829,0.012762130806305092,4.692116401547336,6.0468698277756125,5.65465210576884,5.2968690954244915,4.844303658656833
0.007607930439204985,0.0028025835791483837,0.016415055447560858,0.0019412121185798448,0.008367420312703985,5.106413513544056,6.579574760299146,4.1674844230356936,7.1262185993951634,4.985991768569734
0.003461560270995175,0.002370592311742838,0.000756091720049124,0.01940594411045366,0.001970824632755243,5.655322398988838,6.15944455550221,8.156862027808483,3.6648253344881,6.482791500634887
0.006196804619469741,0.02472303908647367,0.008178531725372402,0.0012948049788058136,0.0009124533963775712,4.307833356748755,3.029881299982699,4.054933817838416,6.055771477853574,6.628323752431653
0.02604126748263637,0.001346130696741122,0.011601388499050508,0.001936526902886536,0.04031643266485157,2.5332617427442905,4.868966439233908,3.104159858660239,4.381668824362029,2.264507877689445
0.008291773501946525,0.016286867810369792,0.004178690633875647,0.006829798624452294,0.002488573996918991,5.3461982831038055,4.482574866482274,6.448101056195195,5.620112537451415,7.284929287982525
0.011647339257014276,0.0032950660697899673,0.0033517577014403406,0.01439351358449778,0.014611743928947573,4.496258603385174,6.196341617966069,6.208530092581659,4.229283266292098,4.247120602301284
0.0066552228018553344,0.003324373375510983,0.0325809187391392,0.000989395593882254,0.0037988421827650208,4.680864329585993,5.545761043957841,3.0940796187720663,7.088557896827842,5.391244400627808
0.01585709189328998,0.005716306886729843,0.0017424018655410104,0.05841258076611492,0.004783375188114868,3.306702853160462,4.242815181693824,5.689894493941648,2.3438575396153225,4.457251042087206
0.07222240729417037,0.004603998482643898,0.023827391739088714,0.002189747832917928,0.009550129759876938,1.8675682306393497,3.6361620796757834,2.502350899157563,4.088259063424445,3.1231310447233342
0.0035191918068787744,0.0011547096355051158,0.0025922406482283117,0.002554374582920548,0.009825565706952144,7.03351677251924,9.266654651466993,7.58799317666167,7.573841556934952,5.391644271376226
0.0036202758866057958,0.01242726344527861,0.0028347180605018505,0.002395295764229393,0.0010348380965748327,6.49574008247786,4.72608825563971,6.968585275227917,7.199173403946845,8.834781731210079
0.025192606879753637,0.01125369928735531,0.007546199396064237,0.014216576757121766,0.00906383636964766,3.59219302630052,4.439795984710884,4.960214268612727,4.147767578572223,4.700629010095276
0.012456537042557813,0.004753165579744633,0.04092808698662266,0.0017090744815127876,0.0061687082866225375,3.87989248942763,4.952592254954611,2.8437253586092774,6.166064996724929,4.645316072690583
0.006669540053292231,0.0026824916425872494,0.0007643680519692512,0.06779921053582785,0.0026780371754004375,3.9471569931483717,4.8246113693334705,6.510839753212976,2.1838182994703974,4.887046325953787
0.008674882978573854,0.009707388052453638,0.011539595923591233,0.0031907198918575954,0.003582782235327068,5.495341188988491,5.34436787530591,5.132552394295171,7.074917348393676,6.916305486326142
0.007991199812059778,0.0021812449605300827,0.007144299679451462,0.003307696255305279,0.017328244814268687,5.204512394590777,7.219218041818937,5.344586223046085,6.450526849438273,4.24932811107521
0.019649854928373255,0.021877303123895044,0.006614253142279958,0.011119465311394848,0.004347361000914318,3.7664941984013423,3.6659051595326644,5.043997319041092,4.3509824337370295,5.561842900918159
0.006730491902031612,0.0010164238570830315,0.0018553252277089271,0.00696001688740428,0.026975751309718302,4.421896826834053,6.743309299292816,6.011816305277562,4.354814325080804,3.1038883337519017
0.001259896980603637,0.0005220724688633001,0.017859398017491788,4.331028486355102e-05,0.0008507225935834088,5.365545541458146,6.274933815020837,2.951470147575749,8.054004090071718,5.848364175735879
0.005790567593900942,0.007114988530440813,0.002042886536604267,0.011096927747152222,0.002474882794521476,6.0393377374340504,5.713104466558077,7.925619879087327,5.111922353264558,7.503841547353209
0.016102596481382164,0.018394606934267324,0.008520810071165025,0.007681127716204573,0.0044855586888327345,4.266069411052822,4.126981611977216,5.086701457156994,5.150161621308409,5.946992451167487
0.008561988487378299,0.0016465405065654735,0.0032836735736105887,0.00639581115277772,0.027545438653652835,4.570452614924296,6.810898088916945,5.822160589757395,4.886769922721193,3.3748690986354086
0.006138504637359439,0.04196146797845609,0.002591750341594209,0.0037483369545961757,0.0008453976381591811,4.42430970200512,2.7011172195636024,5.51006451365955,4.978777132371262,6.917586171829756
0.026658662082597418,0.0022453055345140324,0.002126624907493128,0.026434300389529663,0.01775609567595573,2.5966755174882574,4.596836771558889,4.781459158237145,2.5735376050013246,2.890421972980739
0.01006275712746659,0.0038576345875121995,0.012208938879430501,0.003456643397251749,0.010910058983701947,5.132366602183773,6.587566938340066,4.87792458032222,6.699867585789373,5.0285520491799325
0.004782702689594556,0.002192686556236415,0.0012571140944593296,0.015749232829165693,0.004629141845085864,5.744911638162808,6.948459050783879,8.014658369523715,4.215835703679688,5.807489671120952
0.005706857764470265,0.008546613086379613,0.01595266403932555,0.001158683893829614,0.0016397038905414875,4.962484538694352,4.479954566016167,3.832796000309943,7.110708854507341,6.721793858784417
0.0071988718004780995,0.001053284349150644,0.01323050242976214,0.0009540464958235942,0.017357347140266693,4.119881450188797,6.251706162885857,3.517218912742634,6.129928013204153,3.295909036996391
0.0027865280360798435,0.03953005291349502,0.0008643909973200596,0.0024045437629685003,0.00020189134618194782,4.274573735367395,2.2634328227912497,5.738348681885474,4.428918112054993,6.886278610025646
0.010964470133543926,0.004685980425523084,0.0035341645681161247,0.01520928702802098,0.009198514002697868,4.950216815029272,6.166235537721635,6.670430632645532,4.529309904020835,5.194885208061471
0.00772433702572858,0.005701029246016304,0.022833943960881113,0.001717400724602672,0.003607164865142575,4.979357808967594,5.383166823279389,3.7573043305270355,7.174306415762843,6.050580412836211
0.011079056735598378,0.008420336444745175,0.0019970842650813654,0.031570863193703544,0.003408025693654128,4.110999476130808,4.393975395072136,6.324668063463585,3.1303685521834868,5.522102282011463
0.05197950065624261,0.015520191153059519,0.01811635328804014,0.005877955782698387,0.006760776669757462,2.408122143952482,3.297335592051942,3.1989834344328925,4.167086452980371,4.08970445310857
0.001466449130898944,6.475286278010007e-05,0.0004637270976885018,0.00034401150639800466,0.04426991852646725,4.490181377167636,7.20428797404351,5.470786496179334,5.137504521939416,2.10278205879215
0.005892879388294878,0.01232130825357444,0.005651893300806502,0.0031098531088629856,0.0019999422246881234,6.151267000097056,5.079403935678886,6.275638578756421,7.231357537958565,8.11639249119804
0.0164644611350193,0.00552622788357886,0.009273917915409494,0.007506799539702228,0.014479548560863174,4.362852365674354,5.802017413507485,5.090517455298285,5.306184464061167,4.5172508744474795
0.005890835367902225,0.002171613084798525,0.01742640315165038,0.0012764000341192573,0.006509449408499496,5.21261731715266,6.668355964082919,3.9221932418532544,7.413444460149428,5.086824876722153
0.0044620455981444,0.002777764657675948,0.0008189192393731296,0.029357671661298265,0.0022325118655965185,5.016417717994913,5.585765787319988,7.525684454721184,3.113353004526548,5.9268975030813635
0.015764483530663273,0.03427502978960347,0.01414755696785811,0.0020635905609096027,0.001605465087025734,3.1633888611265175,2.5903722633527373,3.2881365863740313,5.020180869525238,5.4133196571652284
0.008617020069935588,0.0028278427402546845,0.006035776857381872,0.004792163779368573,0.014644665793334774,5.48886182365776,7.314182808894109,6.022105161527243,6.323721820409411,4.770528071030823
0.012056603935692798,0.015070093467574602,0.004323528782713566,0.011900063330918871,0.003689550399884322,4.670080622030173,4.404718070569157,6.142115047060335,4.679073496024451,6.341747767873221
0.00642666006239146,0.001566745920142809,0.0018603186590891122,0.009897903753847484,0.014086774449312186,5.002154960343442,7.019979286215303,6.802265197394547,4.44660507341184,4.094264197103684
0.002885533051045133,0.001859156451136174,0.021474054700420544,0.000308659524808925,0.001504782880474284,5.385856946140279,5.910387182119084,3.25423507848118,7.96397288685475,6.251578476354385
0.03785459471044611,0.013311202374349311,0.002990220984473582,0.030193588341770196,0.00420338029973398,2.4474452237875313,3.183933407584509,4.62064463067093,2.5748047389914253,4.2240435962414145
0.011327170114217496,0.007266284290167045,0.014897337110288338,0.0036866917486546207,0.0062814971567437435,5.03619932739044,5.672513918217115,4.696488654095626,6.683532123987053,5.877856171943045
0.004055421804526659,0.0010349630495118877,0.0035959977775657675,0.002059390644576614,0.0142361996166095,6.062521575977907,8.380629153770217,6.227455596419136,7.122298260605441,4.390147002706403
0.003575974166485871,0.01746032459082091,0.0018107768615396082,0.0030721744386533996,0.0007481158078168166,5.693222285983792,3.7974078162137865,6.775918120270009,5.908679515986763,8.148941886687096
0.022277109639504546,0.006444392901272718,0.002743880088225975,0.04097838233370093,0.007660904041302367,3.165680291621221,4.323855282088513,5.371699118256094,2.6810281610689466,4.165013675496552
0.037356783387565685,0.003681439395008773,0.03600312149261608,0.0017431641256369069,0.011374196955353784,2.360251446799208,4.112377214029635,2.395357996994472,4.626427763455315,3.1984257743091944
0.00425058709615076,0.0027842239338110924,0.0013005546411978457,0.012873575950082048,0.003224810289946033,6.415826381515824,7.1222124258076605,8.666461733439998,4.818516092982262,6.89925695109117
0.008882525586799302,0.015230515178112605,0.011605879150010929,0.0027787842280414415,0.0024826729115248938,4.877531424515037,4.24500425728561,4.590030168734233,6.520141765665295,6.7498566243950995
0.013709259627896101,0.0024665452367343727,0.010128460577598112,0.003864472334548475,0.028252653567737252,3.9469009958739982,6.039407461426915,4.264906207330147,5.382065587220124,3.2682736203266733
0.015532289754819566,0.04521734741023325,0.003680046479609578,0.008925008253210163,0.0017978229303795383,3.382532054388635,2.5612809949509177,4.881669628604176,3.8797355367469004,5.685321966506069
0.007047497179975192,0.0004443600002575919,0.0007873175391934178,0.009639794732856142,0.02897934561891713,3.4216598737432387,5.78731891244827,5.424966809924993,3.1599442549484045,2.43360892272932
0.006029207802136266,0.003230634061634645,0.015372267967234595,0.0016761555961076707,0.004959241748273829,5.757119583734979,6.752510382878971,4.494470806664709,7.879630953978005,6.0574297628582805
0.005248717049429573,0.004787616089701657,0.0013100880083405872,0.01852673731309616,0.0023720580978435005,5.499405653320064,5.606797111539967,7.781938301577855,3.9910351226183054,6.71198563985088
0.03218499234528402,0.016763797837383916,0.007125480417112506,0.015279401185530145,0.0066298489633090495,3.0956004933591537,3.6663497366394737,4.607730128557285,3.732868587474831,4.660833019709517
0.0030367306738775263,0.0003372615637492704,0.0008143100373292658,0.003193054664874415,0.022558929578738635,4.835903562047575,7.342479683660145,6.3535605071398225,4.733307026272645,2.9765615427682404
0.0008421468422803749,0.018375077363169505,0.0008604273295656965,0.0002398714837252409,5.074732045518837e-05,5.067394130030026,2.6080165135256634,5.367776905135214,6.2083764089190465,7.781723228392473
0.014017722122209676,0.008311413152349085,0.008119382330456806,0.008182431538195855,0.00808543469008939,4.870699890007623,5.613702071801346,5.673763864146428,5.590692126288723,5.650998485762831
0.007803744680365032,0.004238406976045356,0.018552289052812285,0.0020481609360831275,0.005511900553957744,5.284520816138393,6.195382187992369,4.210388646800538,7.356965947677963,5.785288243217175
0.011048051347551555,0.00535595828764291,0.0023662571941587413,0.027623632140843093,0.006044488767843106,4.4315719308128525,5.321433284302613,6.574026152720493,3.4727279909724715,5.192302702718035
0.009341931991348432,0.010080691888751433,0.026954709746909982,0.0014378274264926366,0.0023577063370583775,4.138409327165039,4.058561425819327,3.168399465216559,6.341459480841032,5.812137530305402
0.0048330018127334525,0.00046476345331319214,0.0060556759523633505,0.000572988354796272,0.02763009775973013,4.170891282158654,6.588511959633657,3.954995680520824,5.928800666427885,2.717384465425968
0.0066332392722515485,0.012070395893859753,0.0031023226677538663,0.007262084055655999,0.002277145036197673,5.872859228415185,5.024278257836723,7.210783003349357,5.743305625871813,7.729008928794944
0.00851045198202488,0.003088563191493759,0.002501258199196983,0.015056760147355757,0.009565730396001884,5.088508726049156,6.581222091461015,6.980771475490537,4.365165714739189,4.9470554770512045
0.005408515452580627,0.004661139532654971,0.021616374728046405,0.0010335187774999797,0.002349775238268729,5.202963674973874,5.399727847940153,3.639012733472484,7.543159041928017,6.401921678244344
0.014250258838219211,0.013409149298384678,0.002278954676829908,0.027997810315690305,0.002932468072835754,3.6368929372199226,3.6790545372072336,5.75989155157067,3.045920187356381,5.377595948549423
0.03722647145535448,0.016885385903523696,0.026607482151803478,0.002542244750586181,0.0035543427563113398,2.433815474894903,2.9830481865785456,2.6844276015989434,4.543210757102244,4.352968992334572
0.005795039427907865,0.0017478022095808008,0.004142149886234398,0.0035786116024888012,0.014529533952627521,5.980225630116131,8.087328605378676,6.5099251687572846,6.719157050655698,4.703330012110523
0.009489498317897879,0.021311131707095695,0.007125630202274962,0.0043132382197606945,0.0023934939664465287,4.865587850188214,3.9418209921811127,5.2979005295870385,5.9397087667999084,6.914473047268217
0.018644196310946923,0.0034625856054738484,0.006688514810611567,0.008650684836234329,0.0276332765676269,3.705923926320891,5.68018894235437,4.84365671518022,4.472888766875927,3.347117845925124
0.005104089706623431,0.0009858887996094107,0.01569740132157612,0.0006015997949738414,0.009319358484591807,4.539746979698137,6.4658057177363615,3.416105121310597,6.748987411420488,3.925807139919699
0.000810250275317334,0.00043014940188662175,9.655986357844215e-05,0.014902041268180805,0.0003966640313356871,5.514448750478269,6.09809256038849,8.239500571529637,2.9881299126820853,6.295359971299276
0.005722200501163207,0.012422457974718961,0.006703003042963361,0.0024841707169778256,0.0018286817243048483,5.91563017503049,4.841377375067146,5.727847619101829,7.29253881633907,7.908882718036125
0.017930960574656943,0.005070524560518828,0.012901334036973296,0.005632458797996752,0.01621011637532559,4.04692516267393,5.6114636645915175,4.4186530284166885,5.40654343911439,4.155319733249894
0.007655710592129476,0.0302172405851116,0.0030299898928517538,0.005816814429085119,0.0014070895148900826,4.576966082016674,3.2065186612431766,5.820076254394044,4.901423204019495,6.900396735475534
0.016798424674182005,0.002512971849243818,0.0022598404706018153,0.025698744416720876,0.017067321961095044,3.2878655597517565,5.177824834294616,5.3914805353785145,2.9243901098584755,3.287894442248017
0.003330132432690407,0.0012976820858596686,0.08034501937939077,7.968068269322036e-05,0.001082902116018186,3.9741219733791042,4.739211137056212,1.8398318447596298,6.6484817591385195,5.012700740817431
0.010788382710789897,0.0075782835071176585,0.003279244269864256,0.017176973455759283,0.005268235433966871,4.945985968949066,5.417700265755412,6.769925460484466,4.369629694787221,5.964400912121502
0.02278151791545138,0.009990871889987507,0.01662568621621918,0.006064404597510857,0.0092265984107083,3.730179703292115,4.633530646283064,4.076357134459707,5.216492475796773,4.728517208138356
0.0033027103738442268,0.0005343672043119573,0.0019636269777434717,0.0018715353643333106,0.021317683019400832,5.473083683343979,8.011034721104675,6.163637335780515,6.1578295529142935,3.425290163917143
0.0021064079802468045,0.02273925467925687,0.0012317784144657185,0.0012618259331949229,0.00025080137191462625,5.270672402171608,2.9568159580218607,6.088926591150047,5.87238862045188,7.925731167054187
0.06028405396517246,0.005813067793286489,0.002206139394913804,0.031157798795077078,0.005341642115868833,1.9123114722564454,3.3595200359857325,4.27613236016586,2.2424456230173293,3.4680679724679053
0.009745240319925364,0.005539497774176577,0.012917309112813,0.0034641783200733186,0.006967477160111448,5.42739746765022,6.304978163625046,5.041661372992377,7.035263829010868,5.929632104939006
0.0059657399980735625,0.0037729533845646712,0.0017060697773712192,0.0166910176018157,0.004045552288748745,5.7501019477515865,6.448410734723048,7.924844245496673,4.3959286281389325,6.367522580673094
0.014154091301496665,0.015555683020358091,0.016281822119657063,0.0037362822447295704,0.003879410444638789,4.208125784858088,4.11014815815793,4.096478958857958,5.885193742096264,5.87565548346446
0.008491550605761032,0.0013086826082951656,0.005543728069947003,0.003028103285190545,0.036213478242109694,4.316859180012783,6.669852705086435,4.800148305268541,5.4981017276464454,2.963715784715608
0.02703848045245728,0.026290169430855156,0.0035437447884147525,0.017613659021973604,0.0028710049300576506,2.8096884168604848,2.8228059000842385,4.698752744093859,3.1161547858780034,4.880621359020752
0.00553923619009492,0.0019567127315410398,0.0025091575304625273,0.006501712344645509,0.010403446887294956,6.205631184434959,8.077772540348528,7.617553418313163,5.915454058109885,5.269659152246429
0.0030656805255908685,0.0022915097161055405,0.010958329187413672,0.0007817639448229566,0.0021227707650860483,6.6796262708867555,7.178065519467223,4.792494354266552,9.070105407423018,7.328723602079476
0.008515503135359419,0.012787205037460413,0.002263851422760992,0.014889189112962421,0.0023309713417077123,4.72907376958727,4.244066085958468,6.631288939144023,4.093199780365336,6.535761661383765
0.020806378406546366,0.028719498949756183,0.013865414450011467,0.004449762847825116,0.0032047171297984334,3.349276709632808,3.087438965897127,3.7630894338611753,4.926912508675176,5.376153791256126
0.008462227039123442,0.0006399724245806062,0.002941454163392677,0.0028263224202213556,0.07941648889955177,3.627686757342952,6.17587263198645,4.629971074670294,4.569856700873589,2.044216146175252
0.006106774100199483,0.01434122089090841,0.0046898953535208674,0.003769954226505569,0.0019215135686961803,5.973990097590964,4.784565964165918,6.460871180171825,6.755313387656782,8.03025802242835
0.017872039896499138,0.005795324161524489,0.0069532460782317845,0.011045740503670467,0.014413134161539186,4.17199388019039,5.592469345678417,5.365926293785572,4.692323612279185,4.419881501843614
0.009179757005826452,0.0028077074786289117,0.021224860426056216,0.001876485428672061,0.009709975563662427,4.520841919244628,6.08069558286491,3.627530433521693,6.6118867406718955,4.461072129670858
0.006817967513719052,0.0019380359053102008,0.0010804109073316284,0.03278923254547455,0.006083493315631938,4.34304747528872,5.79837310868379,6.735043024191912,2.891940215064501,4.483636028684322
0.004687254032639333,0.004947017279277961,0.03533371989186,0.0002715117097259433,0.0008679980907577601,4.0259184729802495,3.95395441964698,2.457660686409204,6.509680718180108,5.725581503176892
0.00562233048516045,0.0019103870249048771,0.007268758451639731,0.002196372450214182,0.01050039204215952,6.011355760914317,7.888523356909497,5.594801865665023,7.547912840812795,5.103331795606555
0.005700180927081269,0.015363824733256558,0.002397908708069311,0.006359159346097933,0.0015272679564211895,5.536637218320497,4.281004703232747,6.945467198503104,5.3915849960007955,7.679954564024618
0.01071427075470402,0.0033287874071453076,0.0021259882249260757,0.02643098520474431,0.009159395630771856,4.262961569239755,5.701943316913183,6.410252537329495,3.354749631386955,4.453484601111722
0.010880225552650637,0.005867098149011149,0.05171683547901351,0.0010973630752347864,0.0033868504982007756,3.7501300099544066,4.3668590550535455,2.5130269947651036,6.1491174575465015,5.005745916086645
0.0054792664100465575,0.0032558188973621505,0.0005049822662805855,0.07103727625803025,0.0011408880284280646,3.7355500442664744,4.145182658289499,6.323285656670472,1.9810923175319188,5.169732004258492
0.01694652656027207,0.010392488773891513,0.009529989521819647,0.008274487084212408,0.007737244505193607,4.433338031041998,5.054637267056336,5.197829046193415,5.318979733136303,5.455237326959474
0.004425053200127761,0.0010440388967683024,0.002306413315997854,0.003567425433615603,0.016793075513399685,5.775113740349159,8.11871154707862,6.785883342887025,6.054392181273667,4.097609088635907
0.004921849900952338,0.023345996342319857,0.004547957683190225,0.0019177435425864026,0.0009371319852170943,5.084531987457355,3.411191320403669,5.227477148544674,6.354401130271627,7.487903901530571
0.0502291988675094,0.005527323939367834,0.011911158097317432,0.007978402510430018,0.02076427517148025,2.4552874916151604,4.298704924284618,3.5827115160022176,3.901416605038332,3.0948359095265308
0.0027180127859169,0.0004440079303946912,0.041179537496014905,4.6195056097065985e-05,0.002546031436105372,4.0644693717272515,5.624678239682919,2.158849172002365,6.661770995761002,4.171668400946472
0.004913208352349899,0.004112226493354312,0.0016790512108458156,0.011831460008543829,0.0030266764035261494,6.490965088229928,6.781626836063315,8.575115480833212,5.17036266074384,7.367142798237686
0.00975511693470171,0.015597214709703924,0.009575825805868856,0.0038446273795338425,0.002972060864753183,5.037110899982584,4.460603956011381,5.109383258776183,6.3748862854473245,6.844558772124199
0.013300042734095097,0.0028881725000782787,0.007639470495146095,0.005464402703708068,0.025282738893393737,4.259653155839002,6.2718269354612195,4.9204968659396044,5.2988678610036,3.5990939009313823
0.012929142470346334,0.0260387609173579,0.0031672280528744117,0.012604308828424346,0.0022605481044866084,3.8712065875823156,3.2248458515548664,5.552536593413032,3.8912489339915832,5.964297957110358
0.006162804064393779,0.0007720399338494023,0.0009490864667472369,0.013098446080911066,0.016189033997756376,4.029505894223887,6.190070657173602,6.116753490403914,3.3255318733702786,3.186983018839049
0.004987664534067986,0.0037007272989998874,0.012456415558755887,0.0015470819334234872,0.003346183787869037,6.356881294247329,6.867070950924772,4.99209661698052,8.479319014227196,7.0472133594257205
0.01387768681328245,0.009135321934471386,0.004161289901543104,0.01717672612884234,0.006089738996109878,4.524712080004861,5.044002902957867,6.22590443460518,4.264288074819451,5.612848967221231
0.020802754328858346,0.008993935117229509,0.022342678260091623,0.0044197658855833245,0.008405875775817008,3.716681141223576,4.631342273067186,3.665503875424884,5.494680950728543,4.709363668347863
0.002943155832358144,0.0004270111484368185,0.0020550167350204774,0.001253965886411663,0.02138594651513565,5.407712915487866,7.971551805500174,5.8479818967653685,6.347269151987576,3.307730304135371
0.004218860327634412,0.049279106395992596,0.0015163934550653068,0.002766909904446226,0.0003958499206759726,4.279378014512812,2.3143241223465556,5.525203049564428,4.70088115604672,6.875322264368127
0.011328085764159198,0.00497613925996761,0.004252502782083469,0.012485189309026852,0.009710216638618143,5.065603615738153,6.274553897340086,6.57331467928725,4.910418934329908,5.286837747929592
0.012873259144895675,0.0041406588147788635,0.014320106073854777,0.003818819632257123,0.013348339543574336,4.53188999697538,6.075720552345902,4.406754606189529,6.136494742945551,4.490175237022785
0.00399066808883156,0.001744987017830613,0.0008998263525522794,0.01795328647049385,0.0036912436658572113,5.571767787193753,6.7559730448059865,7.981468114743984,3.792803617661357,5.6961408661193484
0.004868030556208309,0.00918866506851251,0.014767071244024755,0.000748533266693366,0.0010572740885441214,4.691955797614899,4.003709702410232,3.5716970101578167,6.875454812677764,6.633189808257433
0.007272993052366509,0.0006591782070117827,0.015042951039068499,0.0004279201462357051,0.01819762221293607,3.5999438398979025,5.800129696091915,3.005910728772633,5.734430398172716,2.8770969412500547
0.01046559001143428,0.015947856616538556,0.007386521489463804,0.0054821400021409835,0.0033308692025031247,5.09985215297876,4.573032150065506,5.644658839907992,6.012887039146232,6.8632616822434676
0.011835587208518608,0.0029138833747480697,0.005178333739527008,0.007724810130402663,0.021530026686452295,4.552818571435436,6.5037646539803955,5.649351441931196,5.053824509652539,3.893245331911422
0.0029784904805639912,0.0014973523089683283,0.015742247250760427,0.0004505343466634837,0.002417563301145157,5.826230857406437,6.795765622828597,3.8033293450831946,8.332143655771842,6.140643419640239
0.004247789163199172,0.0057434073033631634,0.0007751917383623304,0.020211310382570208,0.001020815415203833,4.725835170738004,4.370095128118118,7.094160781457304,3.215574432166313,6.4474262068803005
0.03733862429574844,0.04621183028855804,0.005061190156531014,0.007132914849893769,0.0018637490016926298,2.3101025978338323,2.1834500330904514,3.829295820126012,3.46549297315731,4.680351907499537
0.007078110577165002,0.0021073711867971496,0.003342045727593186,0.006335163359702763,0.01511896142551497,5.556802250960094,7.548218197523566,6.748208432993488,5.676071304822193,4.558563869808608
0.004185305140959979,0.017094143298119157,0.003069516433104483,0.002538221000259018,0.0010161787646874114,5.8555993776967155,4.075268456857183,6.38169943265187,6.621933289867478,8.244287425163511
0.034130370593139454,0.00939104002884876,0.007349224153809439,0.01627424775014036,0.01181959064264161,3.0666854280080997,4.288472350895695,4.601731894006603,3.6923139904938815,4.051928420433608
0.011771275106040889,0.002956723605138549,0.0544710385931303,0.000964810228020562,0.006542734995205293,3.5477568164763635,4.9233810217736345,2.385642192816896,5.956665861500106,4.115030518981385
0.004271088775111311,0.0010143357383959404,0.00030466319217807954,0.10336253741148249,0.0017861426688239581,3.711414082160635,4.863118235061614,6.3762906544739435,1.700619436613843,4.460859783756014
0.009071000550993228,0.008824559247254645,0.011981245054931648,0.003354330818281444,0.004114587670777282,5.503334710089518,5.552358424748105,5.148059273714793,7.076077414561775,6.763482962622208
0.006694268254523758,0.0018829727155031352,0.006011135894354456,0.0030037345163134803,0.015974964689045093,5.535464870859005,7.605920664112658,5.673669537808158,6.715073837924342,4.408255156436869
0.006847560196995605,0.01413650056061224,0.0021415772755713994,0.01032935974635384,0.0017952115174955433,5.056640894732963,4.185572325416008,6.810141781584521,4.556446333634181,7.044162021509954
0.006027070873491002,0.001573173086694714,0.0011597397451124619,0.020190092586411065,0.007885714571447863,4.664851418148316,6.354282333440151,6.921169412298119,3.4086788456922146,4.3754740924534214
0.003502982007558631,0.0033039536041820383,0.029625213890785616,0.0002514665474610933,0.0009181628129860966,4.564584858942502,4.595450665693526,2.7037965064241085,7.096502964194623,6.045883148734452
0.008647931977715894,0.009508079216225235,0.0033229180851389677,0.011526181035863482,0.00359659651669122,5.509978314551433,5.37259854589799,7.114261691719592,5.109501211995668,6.917724114061568
0.015126103464821202,0.0136638755338079,0.013412110456039938,0.005060459592651528,0.00508918932777658,4.403533198771456,4.534614141016541,4.580097854572275,5.814199249071808,5.849742204358885
0.00719166100443056,0.0014340849434883922,0.004324825361042788,0.003688653791909039,0.027111953410561086,4.874555283383284,7.18328453095458,5.5390264730246965,5.730773434070777,3.4529699924656763
0.008390799749941055,0.042001858484127935,0.005421282841004531,0.0030048775904831363,0.0012477762599479637,4.19305166796196,2.7644514743999906,4.720061983288448,5.3744189876034305,6.597057876514718
0.033266502061286486,0.002200113893985443,0.005116147943400998,0.00871136272641189,0.042229330109159816,2.535820456340438,4.812230430639726,4.057218450615428,3.5213277634402336,2.3881392455244854
0.006419875472011677,0.0026872055660485516,0.01107048102582463,0.0021390515613648594,0.007864889050360828,5.851282959797184,7.323343175972291,5.059790685212764,7.672909667985146,5.553707705503221
0.003953355067010221,0.002635801130684918,0.0010686114371404674,0.01496773647214386,0.0027335445833721263,6.138083418155464,6.768356653311264,8.502899317882536,4.364955817236051,6.748443102675408
0.00858712387272563,0.019495542059469104,0.010891041757709531,0.0024150523124514237,0.0019153702509020925,4.568400022374341,3.697503099293404,4.33899076509451,6.238085978029185,6.638450749954799
0.017858446758915684,0.0022420198515105223,0.010902321918841515,0.003763782858157245,0.0364730792897842,3.3549917310400215,5.542913185940046,3.8139041602832404,4.895515712043832,2.7907082333747844
0.010960962107529022,0.06416672152265959,0.0021349940299736844,0.006523375013529124,0.0007905086457861613,3.253953239018619,2.0684175051142586,4.8637315805846475,3.677028484450874,5.735684125540425
0.008711269492108405,0.003040712263822528,0.003357306531437032,0.010106676061954744,0.012047330978608304,5.329591097931934,6.98293256673479,6.841458017904174,5.099366110759779,4.903849030174697
0.006721317181425265,0.0034512430999259942,0.020515060635498617,0.0015547077477512867,0.004876634267946349,5.249942346141821,6.2117121041537136,3.911040080430834,7.471783907802055,5.704245963379948
0.014374142722375215,0.005660280727634362,0.002581294764692701,0.032950042367138756,0.007148096898523924,3.9199006347463325,4.960979322228988,6.072704392359784,3.139029043443782,4.703182554078229
0.039435770567257715,0.005654513351955907,0.02104572442390889,0.004800367934060788,0.016486215208660775,2.6589193756977654,4.356858244472335,3.148857448424021,4.497154796360311,3.340283031495301
0.0005158938325244034,2.9381315507152995e-05,0.00022735865752815092,8.972774919602297e-05,0.01120637612874536,5.666835490717858,8.407856603290266,6.347582909756066,6.319354410182399,3.0877170039087596
0.003011993555217994,0.010257524854612997,0.0022777675168552123,0.0022175959924062975,0.0009009120770507264,6.912280587938239,5.04369884336885,7.475169585379006,7.4619759797656995,9.280104947153095
0.021014737182364622,0.012874730167149158,0.0062435273350214746,0.015176424617602267,0.006885060295351239,3.8394461318158317,4.366610626331902,5.3078448862260865,4.160465822716812,5.139591893938314
0.015089820982977913,0.006996594230932991,0.03649512359571059,0.0023111222050002356,0.005821452013366581,3.777376569004672,4.610984946148849,3.0056243635091375,5.958470413924307,4.824517106873984
0.005315673712397119,0.0030144759847734125,0.0007173226008026159,0.04976307396189418,0.0019549752343661617,4.305706611043475,4.873801398513434,6.861639109470525,2.448699159176461,5.415189633670779
0.008192580222000792,0.023330601355171062,0.01382689445328552,0.000483691798801505,0.0005522215610014286,3.1978892583784004,2.471435418392851,2.8465436744264556,5.324488757363156,5.508629447550204
0.008453962372806935,0.0029541458022580053,0.006988543458180937,0.004184590761727163,0.0131975214323258,5.59153920924665,7.335766811564011,5.871538064548445,6.637443951826939,4.971634212554389
0.012240045480149224,0.016541536349302867,0.005249690331704485,0.009527482610725994,0.003687892581401713,4.721556214529209,4.3661744461579834,5.9397406828611485,5.030473814093756,6.443811518009804
0.008185890937278523,0.0019646071402497226,0.0025712058797197506,0.009776894225063441,0.017499192407890423,4.792859088390625,6.8123821909196245,6.425905217724454,4.5443083758872325,3.941376075329321
0.003121490342382151,0.0017874578137067121,0.02123376568044927,0.00037012235299190336,0.001891704769954898,5.43027327167796,6.131197872011387,3.3379575737931626,7.989604173283991,6.114257785246148
0.005298735998038224,0.00788441503241943,0.0007944741699397067,0.023307739369817684,0.0009080627193466989,4.14799904739083,3.7483805007700175,6.489934384549477,2.8796777386632844,6.0300444290036195
0.012371841281402937,0.012940238199167018,0.00833695428182086,0.00646031797279937,0.00468478761831314,4.993186182535478,4.943989805969217,5.583779526933249,5.889416159648386,6.435897863188857
0.007814356017652692,0.002040045807412647,0.003926778752134923,0.0056668986663517915,0.019203795742102656,5.210307194589722,7.302403349358649,6.223127826685101,5.618476855583229,4.119406200808854
0.00743698685708369,0.028025483624525997,0.003970838378436624,0.004501870192106837,0.0015248796174154647,4.827029496216521,3.4205598363860736,5.714718752518894,5.471966474156939,7.134437463485899
0.024488303845464212,0.003918804878914366,0.004192613216636296,0.018571938051055076,0.02082048007516962,3.1613486179782573,5.006077065728505,4.968425815162501,3.361992725752528,3.305668250259418
0.010632087793846848,0.0011674768871233268,0.025159752039186297,0.0006797987723663221,0.015067554536469203,3.354629619445935,5.383947348734989,2.6977774580897957,5.588298180479503,3.08548062923387
0.005204855865900385,0.0025963788803859507,0.0016910859475963414,0.012250551390204222,0.005231830458638133,6.172929325378158,7.352593273711147,8.240588423383665,4.929788570377275,6.1765269418666735
0.006607009082871888,0.007838235513478176,0.015130915796533119,0.0017813660461964175,0.0024912226069216704,5.352042681785441,5.125095016370773,4.333582272032881,7.383006598048557,6.857267882216479
0.0066852615438270716,0.0014924818097800632,0.009938544026527016,0.0017059156893403653,0.015480840071332236,4.849457202374797,6.914198426680196,4.357309138886372,6.636891394584282,3.902349347742036
0.006367916742512614,0.034286579882644656,0.002022235859656656,0.005560852798523035,0.000896880389488193,4.355701541723268,2.828742014951751,5.805196202884758,4.499329826446744,6.778088997201764
0.012545155373020943,0.0013183174591976149,0.0010652479567301064,0.03553617324689141,0.012025932154772214,3.1115194713288687,5.037644841958213,5.45371926186242,2.370665107877574,3.15994324113728
0.007315992494695423,0.005105912280351649,0.01626985057863796,0.0020974076550272216,0.004336550216357512,5.558963512883417,6.104510966284303,4.505209100325196,7.583352928453568,6.367032003818809
0.010570976965235426,0.007253399027043515,0.0026067146738914977,0.0225867392615169,0.0046834120430288406,4.66779619327504,5.13551577975293,6.705291401558515,3.8230498066453884,5.762214876227244
0.03287952621590602,0.011471560759871505,0.016505549614021023,0.007175398258381933,0.009754844930862596,3.136520491337801,4.133960387012312,3.7873084907064096,4.618637892429648,4.311135941231367
0.002581042118674006,0.0002970718090009851,0.001196691860121485,0.0013731724919490006,0.025353138146369376,5.169733189965717,7.787469140285875,6.0469347110715015,5.734706889711525,2.9677612606072925
0.004873501970806569,0.05624032949013779,0.0040988670470184525,0.0007365999355600512,0.0003220589484829996,3.746584423100018,2.043930384604535,3.956507394372181,5.331026066069237,6.316338991989089
0.014175809782086279,0.004621249438757394,0.008335537146421936,0.006911646465922348,0.015311394242393578,4.60727187615246,6.167201746752414,5.308233547652627,5.502414459593718,4.518797505578756
0.005403111837242009,0.0019263387152596261,0.01417571478605869,0.0012921128370517985,0.00693244110189313,5.427278930954013,6.994958649299123,4.211778624684594,7.561192631153144,5.097182229756951
0.003167030204740622,0.002242022982673595,0.0006572861856970919,0.019956801197841732,0.0016717237712132046,5.581477606429291,6.017244310785393,8.115193648118579,3.5283730805683198,6.4883399607653205
0.0171840562116205,0.04923497405756767,0.00932054450822592,0.0034251567038705083,0.00176109661799828,3.1914709445634615,2.430327196339413,3.7712459212730476,4.7062381772777915,5.519464040893698
0.010332987153984436,0.0003672134033052548,0.0019394393756567764,0.0022334482226709774,0.12887632851446268,2.979157877007556,5.591337211622729,4.2714779641472225,3.937669274339458,1.5772480775690625
0.008284035204465062,0.010264334477161602,0.0034220520255239806,0.01010110284087423,0.003281928119839453,5.621282773039008,5.311187475002949,7.123674622994936,5.3339384974545965,7.140653165803675
0.005609097274937989,0.0019281851626959745,0.0018915109701288665,0.009734835569165037,0.009126102415993237,5.755209240255909,7.509926261019928,7.589709273239473,4.9639883104170135,5.083883786269829
0.0036650142804877323,0.0032350410017669418,0.01564648164767829,0.0007279390556632082,0.0018315792510562635,5.848007407388477,6.0274303272926275,4.0250810455659245,8.258153779772263,6.933142499860656
0.02091497187187244,0.019532259230570028,0.0038488454344787104,0.019819584417869275,0.003781159427601931,3.3704564666077808,3.4224150433600022,5.209591285079815,3.402956395403392,5.196828730829943
0.019842946469015004,0.011055592627163465,0.04488575593338116,0.0014406558803872038,0.0030834007057706082,2.9563680705725464,3.4292458020804153,2.419361499717545,5.256131112432999,4.660525460322638
0.005451263151811913,0.0017339468377696036,0.004774018531444434,0.0029077370449596424,0.012883313207432476,6.162717650219397,8.225896310152327,6.35811450567491,7.178618084657915,4.928773434362115
0.004333142106769517,0.015274934527717058,0.0028170164345749813,0.0031622281309345106,0.0011589173912587402,6.059897090187618,4.375999857570505,6.813820017719257,6.5587012627087296,8.384231075887142
0.023660112364209503,0.00831221212931674,0.005328933113613088,0.020027917078861434,0.010313017529134633,3.5547816108961983,4.661562074844134,5.260760032990137,3.6874582679164183,4.420722070511376
0.018107019151993628,0.004478427100743094,0.03749826269097593,0.002239025820263512,0.009895390294163482,3.3990580064025666,4.828452202726609,2.815324579469184,5.584007357983641,3.9740709590750063
0.0033088668728047956,0.0011201345728116877,0.00036612100229324325,0.05188934443371322,0.0017647469955209868,4.376970550420834,5.398189396881099,7.021973094074271,2.237774846717052,5.017498742790375
0.006700115400664337,0.009442164047777686,0.010431935953255896,0.0023829471337229262,0.002549821496479244,5.759400924140756,5.274461416771227,5.162777089220341,7.462381036707274,7.383864487717692
0.00977717274852983,0.0027077821568666175,0.010690924289085278,0.0031687157402195717,0.016016732332887116,4.823254246404366,6.676802559918883,4.699008738742262,6.35978615396299,4.236492727100584
0.015791403265406713,0.031067528779212473,0.0068332865169725655,0.007144006914056372,0.0029098414762014583,3.873448602462461,3.246804151288189,4.857806444787046,4.733806575771999,5.9552893258862385
0.011915865933242228,0.0014637701778424037,0.0028327521256182268,0.008747276572761298,0.03908845168015159,3.6844545206721264,5.981638981288636,5.244351039674096,3.9556532207047375,2.7148490431938894
0.0015799368819124295,0.0004469796285168834,0.02722367711251444,3.736792943743497e-05,0.0012110755711889363,4.801062408582746,5.993468670589972,2.5122791040943695,7.469193678392838,5.116515786828885
0.006949274723709156,0.00626872586987906,0.002162824945997082,0.015141337871274656,0.003370384400271543,5.63433082311427,5.775629058316802,7.633235822986057,4.607068321533058,6.792162883008448
0.022644984184739567,0.013917250525631324,0.010221906213561923,0.009404642720116216,0.007299046825367881,3.801687986326228,4.328014025742261,4.723004359910395,4.753829288796742,5.11604903062242
0.004668901301611647,0.0008229582338257039,0.0020152381736451355,0.003709569181286025,0.02360945615341244,5.15377727872296,7.583334409545202,6.30465639114217,5.419792271572064,3.408207697657202
0.0032514494297588518,0.026500977900565235,0.002877078269833022,0.0010862929928277375,0.0004267587008613685,4.9379060435396935,2.9241543812458475,5.133026967033426,6.198214770831944,7.497676529718548
0.10399643656211147,0.004542697052328618,0.00931650112494004,0.006396251169664237,0.01479371448206676,1.7233755558926247,3.715434392348805,3.204435424446573,3.4163782319655907,2.8522962485422316
0.006685262552649567,0.0033489775193467916,0.015805137403389326,0.0018600080771865024,0.0057679851122279194,5.585260451464445,6.6855239431595495,4.4527351961267625,7.652673904888383,5.8046565985272585
0.011514589218922008,0.004632803846566447,0.002665222148753086,0.023885996344050125,0.00799631198652995,4.462334675389821,5.624566566525406,6.505530335729545,3.6746342078192473,4.918242821282553
0.009612719571313308,0.007480396493276262,0.032832677244332815,0.0014763287989856295,0.003072681186516142,4.2044560388651355,4.479669134601928,3.0692471568763935,6.4756947932639,5.593519965995815
0.003168958439005743,0.0003584683184185729,0.0043170384156983235,0.0004363719020305556,0.019502666272063932,4.737459314604702,7.176362058658774,4.418108375550843,6.431746255641402,3.0637997842732
0.0017553115510062182,0.01302554221590242,0.0003183825577914284,0.004103330956433426,0.00012142569589791088,4.3337231230819135,2.8030906100432262,6.311719872345191,3.704659831632657,6.7605469635937885
0.0062468759984534465,0.0031468638507230343,0.002251736234887818,0.011517860586332963,0.006208842196179642,6.116970859053483,7.291101426928158,7.987948263682307,5.1987832728200765,6.137956090040494
0.006882661474295853,0.006726411465375496,0.015191179266758111,0.001978625250513617,0.0030965389073381684,5.541477052686077,5.578302799181608,4.5200980333987655,7.548817763024709,6.8042981806748735
0.008628935215518193,0.009597663548804222,0.0021978420663392975,0.01835551531663776,0.0028407776355276505,4.815992907070443,4.671777402347637,6.833365478651029,3.961400206629725,6.368835942683687
0.028174772773458992,0.022508432273028168,0.013844982457232907,0.006498104042865758,0.004937333624940214,3.1799930340974356,3.377978504920967,3.8661072300323407,4.6128002644497945,4.9813625258666265
0.005546246488707324,0.0005168461733450881,0.0019759926240104377,0.002723328203828113,0.054996005783454226,4.175208340320974,6.737760342617743,5.253582343089264,4.823339292912366,2.3382290169312507
0.007338110208698601,0.014249697398526162,0.005087261838185407,0.004816427906085376,0.002424618563276983,5.788882765067111,4.8681039059761035,6.438688080346979,6.447140694864647,7.702200445067777
0.013927091438960336,0.004387084144715368,0.005439501929948047,0.010626745729810063,0.015192561947450257,4.539349201635315,6.12042725736877,5.821045012369493,4.829784396092915,4.4442943799923675
0.008934878336461232,0.0024785274993964056,0.015339200966553924,0.0021754623072069465,0.012622724754255738,4.658671715554287,6.420578436428265,4.039236233285128,6.56437468143978,4.2641079780281625
0.002049130906196069,0.0012189847141509265,0.00042210172996765645,0.01492338428775267,0.0013250063867444035,5.957403385713978,6.6145295483412285,8.56516909082089,3.6904184919706884,6.574899927326158
0.0035945733094903103,0.02035462339160684,0.005441199447533382,0.0006080265031515787,0.00042169573799889456,4.493449311028919,2.935830278339634,4.110460618757557,6.283811496473758,6.911083417117519
0.012230774035380386,0.004929947937715327,0.01053754378127751,0.0049929871117772905,0.011383424233484011,4.993880634516947,6.327205004652494,5.1939365526262655,6.2370434238427075,5.083715610919558
0.007574104601609293,0.019468463530930437,0.003936661580009035,0.005739194955569562,0.0019902985450864275,5.244397004550929,4.1012926672771295,6.270535131870673,5.629190798210801,7.361168272769232
0.01569535452384031,0.0039217905223516165,0.0037487445884771494,0.017824477383015964,0.01583904909865367,3.9514217214666414,5.6211477376834225,5.723895339093241,3.8032209229629896,3.9535003924235714
0.0053202535337638435,0.002971823408542869,0.03730429194696895,0.0005779809480431167,0.002514958583307088,4.623544246315401,5.2940906992880254,2.803522598978743,7.134044002687954,5.54318739201414
0.01771965074609195,0.006984579500375526,0.0014528911371405541,0.06423193540676567,0.0031421731088109497,2.9461842660082187,3.681366442796525,5.379624250112682,2.102295504002313,4.450566769794656
0.014320630562877835,0.008275410265111265,0.012771014416481244,0.005333231848487105,0.007767851686037326,4.716248437004858,5.457299986540175,4.8822830720893435,6.053867412083898,5.541107785994616
0.0040161774664337,0.0009911624375132893,0.0028202741052056773,0.00250143698391907,0.015347090083771721,6.044170411400506,8.41057586924086,6.5923454075042285,6.7531454857907995,4.280911757072562
0.003361108390019658,0.018241317113319486,0.0022021396455141956,0.0021492590220479092,0.0006810592352103498,5.7418975362863005,3.730404609175621,6.415268395497001,6.386165206769921,8.24759698859387
0.04177484898665527,0.010127995527012492,0.005327572549898754,0.022767629588207817,0.009288257846783738,2.663630449140015,3.835117347252953,4.540323972138017,3.0944001950621267,3.9346828680302997
0.014776341508265694,0.002593089778369497,0.08440774388177796,0.0005443809865138568,0.005257389598925357,2.9535521824039614,4.3592814841972025,1.8911420966976138,5.465393175103193,3.8004744348438715
0.006413002421756982,0.004072344942935375,0.0019143930748711803,0.016087414547334453,0.004349826379020455,5.74460115741341,6.442245667797765,7.850552093404126,4.513282258430008,6.363831838700007
0.012686685449705429,0.01385232631359151,0.01617704834736322,0.003463158058158248,0.00380707971498378,4.4219786211458985,4.326967573144225,4.185445492740425,6.131055038004604,6.032009737450789
0.008335293827389009,0.0014297728617563398,0.0061113497603430145,0.002932029182378268,0.03110273666667775,4.456276219132908,6.759720250206098,4.812046354865316,5.7062251411109255,3.1659086565112036
0.028337244233166907,0.027821012657975052,0.004442563895813816,0.015392833519864525,0.00329131550380746,2.870587826017616,2.880610492402553,4.616865237888302,3.3414224978203038,4.9175839723202905
0.002708133008047108,0.00016455906433454482,0.00039881432628921905,0.003544355548874768,0.02433825954479545,4.1259296892624295,6.614197215797468,5.952461616172873,3.822929807027978,2.50977823562389
0.0033138137851806107,0.0024640961357172662,0.009085167399842126,0.0010701756205120968,0.0025341628252569174,7.173027150692099,7.735844761883377,5.494920866506955,9.418624192521882,7.685137788561343
0.005813438222680635,0.008441699553611829,0.001970788952223481,0.010846830701114646,0.0021402002611848447,5.795075411750196,5.249201998098799,7.664495347959903,4.941792095671815,7.457323678029471
0.015568803303958684,0.023939170425760832,0.008660077235826303,0.006448196279177981,0.0035213259838492396,4.104470157557462,3.672133511995331,4.8313143676064385,5.133395760110374,6.017373681153631
0.011374736360966106,0.0017494567659717122,0.00379587986209917,0.007021900118436059,0.03676984586669432,4.001486285483191,6.270282961335646,5.276376509556916,4.492620161466593,2.9508196438623657
0.003927676241612382,0.04411388293138294,0.0018392279964892066,0.0021238363096513094,0.0004229620993929509,4.535434838185584,2.469199731887998,5.493287133119769,5.1927001469327845,7.144465762175589
0.012280047522392108,0.005812447730975837,0.0051857395676339945,0.011107131300093435,0.009470495141382314,5.037736280173497,6.129619208382461,6.349657826795186,5.141927570451691,5.402345973499046
0.011292861184988054,0.004305726421970449,0.01586373990226412,0.0032468672179550647,0.010318435158808521,4.777188089027615,6.138537082710255,4.369694160932286,6.522946038088076,4.895039791471129
0.005499753578283562,0.002477855322465647,0.0012471973562112133,0.02142704365341039,0.004561238030535153,5.269098241024123,6.391066419123442,7.603543586610106,3.703095660882573,5.539048887081579
0.008803341475122904,0.011546481764245378,0.02291160776510818,0.001401993387563967,0.0020273201668955946,4.172557961125652,3.89348690837706,3.2854302720043473,6.326644276842468,5.971703238792309
0.006175722363594501,0.0005612515611141746,0.007392356841170322,0.0006869126497018758,0.031098814284058467,3.9029397432018893,6.296713878880157,3.734981138593295,5.702262110117527,2.6109905410873604
0.0059511673903435945,0.011786324285516295,0.0028135835797431907,0.006674827361356691,0.0020105660693612096,6.016502181181286,5.035345695214686,7.36034667811247,5.849948185267719,7.939892362116836
0.008849255624044467,0.003380299814235889,0.002482228420419493,0.016800466183337803,0.008804105857782227,5.0153305380749815,6.401297903313987,6.961557186816964,4.224192508275641,5.0329381046584425
0.011400170652766313,0.006288022583975147,0.030833708133490623,0.002107584578171758,0.00504462940514865,4.273426776412347,4.975129899897012,3.3023094654902923,6.451287082501387,5.269955911188136
0.007817408627138504,0.004739182020126833,0.001190854342662229,0.04460149200907639,0.002837068907053432,4.2008970900164115,4.728583264638766,6.638402332729984,2.688249837835355,5.379179587185661
0.09318029318428041,0.010547971639923437,0.01026516627327272,0.008792748436108984,0.00865748225733855,1.8932248312436142,3.311031600274684,3.367266363871039,3.439493822936383,3.493661441132682
0.00402856431177361,0.0012233731738491,0.002371716553135778,0.0034393126637317774,0.011645396756391988,6.534966492231516,8.760769584781663,7.46949147476198,6.754129937870271,4.965932982989389
0.004744523253069614,0.014938241964015529,0.005020501288451479,0.0021121460373967255,0.001256016471695158,5.789817075709326,4.30575204295885,5.7564985351258695,7.064466586759704,8.03146704437653
0.02982135106124804,0.007117979033194125,0.014595674118399555,0.007247948117922237,0.015552947795968835,3.261089566639514,4.724287323351615,3.9475729391246737,4.656831349059226,3.866590178659928
0.00430746056543975,0.001345191408873039,0.029713545139289473,0.00038199591754235263,0.0037583036336250432,4.6904618136530125,6.029202620905973,2.877914575996786,7.1915555858200415,4.863083364156403
0.002861005890996261,0.0018512855308215328,0.0002963012137688933,0.04901732564683365,0.0007428211833274689,4.2795466971727185,4.626674063798423,6.917784289347192,2.1847884091199794,5.587747934001571
0.008419795368610166,0.013614975994261392,0.009405765280455539,0.0033051716100290633,0.002740167197207168,5.327725833022049,4.705626650921239,5.221035857551711,6.746118119174926,7.115223322274624
0.013177061495819698,0.003152582573736581,0.00897458711028722,0.004956582848692809,0.021816632364842208,4.362840083895039,6.281663783610015,4.821022692848982,5.552160605594699,3.822230671344267
0.013003078995279003,0.028842500540757342,0.003833485571750103,0.010221678423677322,0.0023424225508710335,3.96847199048003,3.2242702203945584,5.452928930797273,4.214629990179823,6.091110032196585
0.00860826943473553,0.0011407616881292406,0.0014533017731887894,0.013802105545287371,0.02084522699473505,3.8570713635521225,6.0158802086726375,5.847734332369121,3.3997061909963833,3.0924398655379743
0.0011775204084964524,0.0005797702393957054,0.030263585711925178,2.2382160731826324e-05,0.0004575191217134719,4.7745490339471175,5.364401208503827,2.334234163346381,7.492929188628257,5.7285108561766185
0.011345535311725302,0.008644015605903102,0.004715961393700326,0.01157252973162098,0.005707276245311939,5.20482673152982,5.594007988526793,6.596993992326595,5.163343187867874,6.235985666660339
0.013538165188895073,0.008002230890833876,0.016917149322335075,0.003976669411824137,0.006852154655923003,4.615752686214614,5.307969818811924,4.36676248760756,6.288221616436422,5.516865244246643
0.003943418003728015,0.0008701616650464465,0.0032704050996035117,0.0019584481407772182,0.016618619768009244,5.802720516065691,8.198024322442402,6.063690335413093,6.824572535430861,4.016905274434805
0.0036195739382589476,0.021468268371055057,0.0016758242651003312,0.0030391440178519015,0.000633779808082123,5.326847825582817,3.389925083874888,6.472390280224811,5.555067918062223,7.826814386424952
0.02337531468404188,0.0048044839826643605,0.002142041773501524,0.05034434332781703,0.007830179757928,2.8921016103376913,4.2599533692931795,5.2167147938605405,2.348273878522757,3.8185469409820567
0.011954972990010393,0.0056348406310667625,0.011878830235960586,0.004582119991521171,0.009350422496835072,5.057956216135285,6.16705267814721,5.076033484290707,6.434261902894743,5.3975275296787935
0.0041784299321744895,0.0025180975704260605,0.001171503161586721,0.014375515624665042,0.003255632033759611,6.173111932880365,6.98420724268641,8.489304068234723,4.488467256067856,6.590559237496211
0.006568041732257954,0.013335076768656239,0.011171050135732736,0.0018116912943497033,0.0017191053213365544,5.010559897652376,4.176627470525973,4.40454497631392,6.841886035849486,6.983351913542106
0.014655377100807854,0.002349935081406201,0.015396724787740955,0.0027199765602837767,0.024026424897147226,3.643297602245338,5.681442653480126,3.5918319437676876,5.444812037599029,3.2044413260769757
0.012260880879267922,0.0803931100626704,0.0035579443599446175,0.0045234968752127696,0.0009833764072296317,3.2996293658763847,2.0285338007123968,4.504772027936031,4.181164536421963,5.801737543501507
0.009840087752887633,0.003436834700371047,0.004370025690052974,0.008844358146473401,0.013190172621093494,5.2507048404225465,6.889409511444526,6.504510106540784,5.3694646768912,4.86578248857172
0.004887571731517161,0.002841581171998516,0.016394147087027508,0.0011902762279669288,0.00365378829251937,5.812978657069191,6.659688403322948,4.226441127678193,8.106703221985752,6.2633850357238705
0.0063549631879436545,0.006614177897383252,0.0014221526715252723,0.02113091320685184,0.002221477414190649,4.967925250536664,4.897116579934843,7.211908505546005,3.6536198895715377,6.432636457345216
0.03784121107975769,0.02452997351899384,0.00913861135746832,0.01014063450343082,0.005021378151188129,2.777094421531523,3.1113324469302754,4.046841948591751,3.879120660062166,4.663058787628768
0.003456696216207515,0.00024422269701367176,0.000819498552048902,0.0023510584178947596,0.04378781802774994,4.230327000304522,6.821324604898359,5.647448644619901,4.4606789691023225,2.293657274664015
0.005215786212147527,0.014228074973717248,0.004100328247884862,0.0032361498106381606,0.0015757455980789695,6.110343740949995,4.710979270881511,6.565979597475022,6.896413066999053,8.275220575577322
0.021064065510173122,0.0071905507626568105,0.007594385587335751,0.01203904236655249,0.013004304048647764,3.910784097145896,5.178602512190372,5.138419312367769,4.492784379342551,4.446407598243109
0.010053381886518453,0.003227579588998368,0.02738897250230195,0.0017737803801089547,0.0084131559549358,4.301763283658682,5.7180001521577255,3.308719005475091,6.4855773251173074,4.507195242852486
0.007439861085857285,0.0022266614670113484,0.0010266816343322332,0.04525844550130289,0.005090273805320939,4.10445828049135,5.4091735403810155,6.562530736128399,2.5741689707472752,4.520397898706477
0.014475779939516402,0.007499017958464451,0.0630776386318391,0.000590320508718273,0.0019136621495329724,2.9259907747560012,3.4118425072514653,2.028543130827265,5.385894242768601,4.6348867012718316
0.005379866308367042,0.0015855737971022291,0.005051830599612016,0.0025668384777045197,0.01371647312045893,5.96293874854024,8.080999471961377,6.03684827305153,7.118268045377334,4.670195346218961
0.008517673953644814,0.01402175538285285,0.0026130223674044497,0.012319095832209664,0.0023831824031796305,4.885751878377674,4.2845333590496315,6.634510473978681,4.441217581340631,6.736758621869484
0.0055994981112991475,0.0014172816945406312,0.0012356628410823474,0.014817085501879703,0.009185624611986095,4.883032788322534,6.708004961703424,7.02306915510791,3.790055153455918,4.32327281783467
0.003008306294341238,0.0025957313544844158,0.02546276997409382,0.00024658215955489406,0.000984695603005469,4.912604492597806,5.045163121422698,2.906287559692031,7.471335785638578,6.23006379418547
0.014556995486724414,0.015980592082419608,0.0011528444286342569,0.026442722493883415,0.001050104053368686,2.813997697278087,2.7314452737662682,5.099920126530677,2.4141211203210338,4.937243441131161
0.010884619197755657,0.00952528822405147,0.011572596233038853,0.004287470964281549,0.005008713935794391,5.2430213741495555,5.449600906465487,5.187794205616557,6.638172756094064,6.424982196070952
0.006237615779161244,0.0017041162189034892,0.004715014552492967,0.003356683938783618,0.016959026462238246,5.630352909677512,7.783085343495924,6.038057867467568,6.553137032303007,4.338816694778312
0.008893019274459912,0.023852343976287473,0.007499537155836817,0.0034463060639821678,0.0019933635563610104,4.712314859409019,3.6474206136743126,4.974028350879976,5.972509073501379,6.863537392289619
0.023094536447025114,0.003371631422850219,0.008134515725215148,0.007501457036825744,0.03247399031406834,3.300913602391086,5.353546775359904,4.331790697267651,4.362069529015605,3.021853428764302
0.0035306583196625524,0.0006021884182889993,0.016986948724584533,0.0002193762654769303,0.006218433194893814,4.509895049656496,6.385158767885006,3.088829345679942,6.865671124595087,3.988490218959247
0.003457195975815127,0.00282188700897047,0.0011448706052296868,0.010154813649480236,0.002328386252682559,6.9836437066710975,7.330015520113367,9.243713746019552,5.300595723605304,7.733914359388189
0.006920255892361426,0.01618176388342748,0.007171248543821673,0.0028923876052397704,0.0019536037359160177,5.398275245375997,4.331961495083025,5.399043744478887,6.71811565060337,7.450963753421204
0.020646747117852977,0.004506639353014688,0.011099133215648925,0.006537921017377298,0.0215424189892901,3.708075897642059,5.480967825063681,4.369377292700256,4.940465139982601,3.6686026530498803
0.0076589397588602195,0.03196983365568109,0.002353437847071512,0.007046456564092796,0.0012067847276101946,4.276375749492873,2.9666130873071896,5.779861450927623,4.3781252505818395,6.616191192213172
0.010768154446384265,0.0012776098467683784,0.0011455992795173593,0.027835594459337927,0.013684733866261522,3.3725894068510516,5.343634496557765,5.64155133643271,2.6308966404635052,3.1928496647361424
0.00737325410344271,0.004825918436188874,0.015329744259979813,0.002208927835221768,0.00475725674100094,5.642471540094761,6.299541417678293,4.650114040377338,7.619147562099335,6.323823850212342
0.010155730961587485,0.0064248800045542355,0.002623775078564411,0.02146563421898588,0.005119925114963832,4.812383188302329,5.406291812836411,6.835414050119258,3.9490731400598302,5.752397129594563
0.030316418647424393,0.009758842210680085,0.015249978755404656,0.007521076486530348,0.011380049489489154,3.282304632137124,4.416916297520546,3.958624801240329,4.677214671073224,4.247104639280157
0.00234250464038696,0.0003070578785967417,0.0011434955327536843,0.0013766455696594035,0.01989802209643484,5.4808262531725065,8.089607466699817,6.345862933411383,5.984056856789166,3.2614665213128475
0.0010584096911887928,0.01661748718837228,0.0007370167386081683,0.0005933901314040839,9.333690736047574e-05,5.421438196775248,2.921476580432376,6.15481692115147,6.07471916305724,8.139346339411565
0.014928596427608678,0.00949086878740469,0.0059370592382665295,0.012213976317337843,0.007130916895834045,4.626167957461808,5.216428847964306,5.935026749343131,4.855750964153147,5.620652098770969
0.012983862384842122,0.006553276158590615,0.02247480506541473,0.003054351653449119,0.006968599892420313,4.421867181639594,5.294268220817284,3.8352777279053414,6.3558212289173,5.203512539637697
0.006376014203385498,0.003768965214112058,0.0012397278613328407,0.0305354509521289,0.0032713093514860087,4.828865907671384,5.47873478080366,7.22856622091506,3.222378360526232,5.711335842878987
0.013706345683499519,0.021970816038622512,0.019231589971159122,0.001976312763691052,0.002028467227494996,3.4961885674551967,3.0965448503110427,3.238964570417683,5.4731871437022726,5.555004859441709
0.007418073377032235,0.0003769822970309586,0.003991133270731496,0.00080288962502197,0.08140242250815932,3.3918687167047135,5.961266272262141,3.886600534388632,4.88915975079667,1.8635587497876214
0.012526636313651729,0.014623224471603401,0.005353372680452395,0.010087352597903393,0.0041464595055145,4.777605946043327,4.591259410591047,6.016991497085254,5.044487136998255,6.369566247084352
0.0070665732562508075,0.0017943911631822446,0.0024121188976314236,0.008514570573028032,0.01604011812554013,5.087384002249361,7.12757231129097,6.6778347853180495,4.81346803798277,4.118332784028478
0.0034418628257953496,0.0018582255092862634,0.020724858967577812,0.00046637875808482705,0.0023105296173082696,5.463837736128255,6.280207045929677,3.44947207174279,7.9880027566185,6.0221296128307875
0.00611146350231556,0.007349280941598659,0.0009297864171650202,0.02828703759617965,0.001254358688766605,4.166465515017289,3.9607642395849147,6.531770733429175,2.838105153368118,5.918717463613372
0.05311290509341431,0.0344185983048861,0.007825131378922252,0.004044897870423361,0.0019331037914365739,2.001234364236543,2.2360286494171504,3.2623406229558856,3.6560923977676336,4.360052045582506
0.006272004276012172,0.002070581975664037,0.0036285001082922035,0.004979817938244778,0.01308904417487788,6.03670625006687,8.006458277957622,6.957951066407172,6.361647715543208,4.977978559869126
0.00796005120055474,0.018963248082013773,0.004659218062295226,0.005350379571052358,0.002179350252741173,5.279250510331843,4.213580422887519,6.133475721117439,5.841356647230244,7.347565033501717
0.016388397222499643,0.0040876431816385585,0.004592619204242057,0.014284297719324362,0.017695268562696445,4.000143689213266,5.705400093798972,5.575259755238685,4.113244185593814,3.9307389684872382
0.010919746141022927,0.0020980619780875446,0.01773817856959318,0.0019170066521409066,0.01696810343239815,3.9855760675326004,5.924687667103127,3.5072099634115665,5.955594970506632,3.559172548142807
0.0027862332966733286,0.000621107181438205,0.00037550043657238953,0.022067137816414496,0.0033270030204920124,4.746164108880983,6.3218196220144955,7.260823414983491,2.886622738302929,4.592030505514148
0.005146546902449521,0.006197632068844689,0.01055358760425628,0.001731911583103193,0.002343423164288523,6.268143712308548,5.980854608638915,5.214541384113184,8.2090078176158,7.668678461549228
0.006331415907763088,0.002027051615488776,0.010049967777015195,0.0019815800825077143,0.010544095855199772,5.509015533162875,7.314158534159665,4.856377428334728,7.287942272193205,4.816802801282094
0.004532958791179376,0.018218527974031572,0.0020078552763075196,0.004443870391064008,0.0010046340330806271,5.472520191065161,3.830977300035455,6.753027462541879,5.503959899325843,7.824357316089597
0.015613568601849755,0.004262739366374645,0.0022046757242351915,0.04027256176893006,0.008630880500438904,3.5539633127568644,4.901554011419183,5.798179992892943,2.764492580358913,4.151635669225325
0.006172784316831101,0.004524132601633508,0.053546502209995364,0.00034797571407339475,0.0013399960133641808,3.828018718926259,4.088394608835385,2.230537300146634,6.350760425142349,5.347194044295142
0.007685515649892316,0.007515307714575662,0.0025861831076010753,0.01371500651931696,0.003490839001515413,5.5831349364526,5.608463346226327,7.434429556550452,4.803337236335193,6.847476201587776
0.019555586593983598,0.01434427576865009,0.011659949638805872,0.007303508661842075,0.006341791740172784,4.031884881315958,4.382491043935799,4.657121014338247,5.179132673544625,5.413498281351062
0.00580454571237157,0.001080810091651724,0.002818637915670521,0.0038642381107911222,0.02641563243318692,5.011709952297023,7.398245424870209,5.990262967958341,5.509194393612644,3.391229559509806
0.004442271711745405,0.031079046767163512,0.003674982041572856,0.0015382317459493357,0.000630886696070203,4.749230016722662,2.897275736726093,5.009887953722854,6.00094944109861,7.260589838908224
0.07349851510742728,0.003904386054906381,0.008537600573272956,0.007611360403792048,0.021514005332348964,1.9735362221218278,4.049757132171724,3.4310304735571857,3.466658380858395,2.7183005004005802
0.006579961907866485,0.0031489194268221397,0.014086107537448895,0.0019502443021307844,0.006283495406872295,5.70800403648565,6.910402619005059,4.66816541098545,7.705248331932721,5.780048079758589
0.004604881680869814,0.0036382812927199097,0.0011792524448424183,0.017342014544074292,0.00249974335851487,5.780371500263511,6.1094835868520745,8.116798147305524,4.116184786670163,6.745339106679692
0.012624335533657771,0.027662697984070297,0.010743443927898,0.003576283260728153,0.0023621573965671343,4.028125054717735,3.287180119809025,4.24603842102516,5.515681339605079,6.1356360528328135
0.016095827343062957,0.0016228804410968096,0.006013022071880347,0.004722683235655649,0.05514815044412668,3.332032199582276,5.687606432352953,4.270693471646439,4.468339113064572,2.419919467412812
0.009645066712944033,0.031166341140616238,0.0012384022216191115,0.011657268605117397,0.0006693988197485045,3.188187801757256,2.373434648728626,5.203720148774524,3.0414436591503016,5.5403872506136205
0.006725629462428182,0.0023330706284085036,0.002374592998402457,0.010100265920232032,0.010295294203422156,5.594435540820952,7.309789754813684,7.317458867750617,5.005018857065285,5.01621289233443
0.00408783072135656,0.003297913727839608,0.01644613258831286,0.0008716246999953706,0.0022077791906778685,5.821248725788969,6.139130283138227,4.058049447906538,8.20402999344498,6.788589899357198
0.021317119535378033,0.015626548313498013,0.0039900264689543994,0.022253603249720876,0.004658630042938232,3.4435481396111105,3.7258864606810693,5.311932808474875,3.391079093428301,5.082697872365794
0.023513990305780986,0.01006082441538376,0.044183653504185044,0.0019836664070422764,0.0044296235359915954,2.9352532125332456,3.6478191041251993,2.5115037581004542,5.1888121681576385,4.46372474811706
0.0013174918523664834,5.544241585617132e-05,0.0008259354376176956,7.896078596890609e-05,0.03614646815033044,4.488857318491707,7.17686418202109,4.814053703935579,5.75539459873754,2.18913237707907
0.004798330666699749,0.01169698098308127,0.0032909202354309227,0.003768632901012316,0.0016140543636937058,6.552511202809897,5.19939258616722,7.295199473681838,6.975017617546973,8.6508452107761
0.014956034829887577,0.0066638873535873515,0.005163952578923154,0.014116935605816793,0.009743388534094006,4.524722629832195,5.589102051825828,6.0075769248597615,4.566754782744929,5.070322278525051
0.014331299272693844,0.004794394187347354,0.0206326515385417,0.0033085181982179675,0.011073914309062093,4.199860731393859,5.574086804004665,3.8196896637854483,6.057031550072935,4.495243778442877
0.004852495485540695,0.002116443650614271,0.0009070227611966742,0.027825549216432266,0.0035324314168427968,4.992438976828635,6.047998238678211,7.4601222295389205,3.1930346373089575,5.410232081866798
0.007519768607704808,0.013086853627165832,0.020851415547046427,0.0008267726768717955,0.001185650749767216,3.8907604243341503,3.3850434419558812,3.033204041142171,6.088982394778992,5.900636766926193
0.007568366353407417,0.00270181852294235,0.007770474929803161,0.003283280127768447,0.01191830349248685,5.7335941063607025,7.474039768928481,5.680646511222456,7.034092547551852,5.087920231829883
0.013559714769209934,0.017883425386271277,0.0070113117559311555,0.007781190967439083,0.003943754824504509,4.57386760114966,4.2578933929936635,5.485771232889136,5.267527280052671,6.3016564107855
0.009427352262716128,0.0020439662990873186,0.003385899667357725,0.008005136771989472,0.02317465874284921,4.595155941673186,6.707571550733813,5.968434689964796,4.754861050358213,3.6385986517305215
0.0035823875574004928,0.0013306692856551278,0.021046413685932498,0.0004178556554384284,0.003255401257343362,5.210714492367092,6.457110047656794,3.315363234153773,7.701393228991124,5.3487214242637995
0.003012304980509988,0.002856525996826756,0.00043222372859499805,0.028609587038636735,0.000775489225371009,4.651216973974821,4.6644175305345055,7.203725444436743,2.715507024324853,6.1246100103455845
0.013700319834249202,0.011112184234009082,0.006560185038383184,0.0097035964141627,0.0058451348294886974,4.842951317842331,5.122871820944144,5.920080382913561,5.278352318084079,6.055125039184407
0.005247458888942229,0.0014280446061082038,0.002317650442730868,0.005398328551991019,0.01451051368363443,5.742156968179491,7.901181654709108,7.063913522525089,5.660906203136716,4.417698694310514
0.0034558280168077203,0.016866196820931496,0.002809014795444706,0.0018405867110656271,0.0007493436166379007,5.822382188871321,3.88312521933142,6.172877751710649,6.759870484632652,8.289849651083204
0.04811804969853247,0.01119029199756423,0.009338380264567264,0.01313684498738179,0.010851013514627653,2.6261839333957604,3.8395358878924912,4.053943853784568,3.655027131830129,3.8796453793662216
0.007538408572375692,0.001897020565689859,0.08087589218015812,0.0003297757673863512,0.003592663123415505,3.608538931893111,4.851124990354638,1.972943302260168,6.1766172920169895,4.302289248055418
0.008351491280106189,0.005042216978597129,0.0026273706742448045,0.015842174499019267,0.0055239369986974625,5.4388712164644755,6.189943681534025,7.364105508343055,4.575214779719419,6.070192537144808
0.009549814811236467,0.010072783106123025,0.017244154035191056,0.0025313927461061724,0.0033718717913696294,4.841842668216981,4.779559578215387,4.174386611925472,6.742505265975729,6.327929446969413
0.0070231510979226084,0.0013844051959251307,0.007349930027388391,0.002149897636074189,0.021903817459554324,4.755955328371948,6.977573151897449,4.683429040869409,6.269267468379388,3.5428371513320993
0.006234466000185174,0.023163543421296357,0.0015628895568676018,0.008422671921864652,0.0009469686230755756,4.340642887439047,3.1063382658085548,6.116848570213575,4.033178017596856,6.635738386262968
0.00557165672322852,0.0006790317174514196,0.0005224846617571911,0.030698134221843948,0.007300255503039111,3.7220148505688044,5.597161598513367,6.145029181040293,2.438320212743335,3.518319362399715
0.005922567322343932,0.005278823166875268,0.014549317646230603,0.001718676087833326,0.00305671962957179,5.846448302102438,6.026810750956192,4.628420915438853,7.933450404952509,6.931050978781777
0.011105381947936727,0.010670949789916203,0.00293192397210935,0.0186640355742333,0.003760591467604126,4.587636039115147,4.627106734050447,6.485792521078764,4.0034115736825,6.056623822434512
0.026185459241828832,0.01653050328462697,0.018707729661878753,0.005299666542535448,0.005802308461619511,3.3107612855215627,3.7405239281793037,3.648777031024895,4.960716355253738,4.891907738514173
0.004656640354412348,0.000492509473519261,0.0022546290186497577,0.0019327353934189022,0.04460449060296659,4.489133226386902,7.060408115575974,5.27618081475708,5.335405350907378,2.5407226314595377
0.00790754948232075,0.11089560229393886,0.0035403026173197677,0.0014989549883149263,0.0004371400140957557,3.3083532322866147,1.6924742142921176,4.050771007242802,4.634830791522353,5.918271137175017
0.010427358416917965,0.0039611193898465395,0.005689699042667266,0.007309706655945162,0.012531073239364792,5.327950109248613,6.853684183690652,6.259706889584625,5.795703097103181,5.07948007610161
0.00641813670874402,0.002332319408984297,0.011002832511913429,0.0020326915657283427,0.009145099915936133,5.6160440874271575,7.265848359394882,4.865199122557039,7.443771885389913,5.127119074307694
0.00348874169636742,0.002078348966025977,0.0008656552011089878,0.015705884691945178,0.002580933733852341,6.022377500089287,6.801644851366336,8.465134453926009,4.108474191730817,6.5019757630312025
0.006530729030481248,0.017296989622469647,0.010509946062863939,0.0015232063965042863,0.0013172189004157567,4.6104263775155845,3.593889255346447,4.120538227621278,6.444627799934969,6.752482712698219
0.018410720688665675,0.0018014201693936404,0.014926700813918798,0.002222939977797144,0.031652033105912844,3.0857599371748723,5.277176295495851,3.2523916778278164,4.946289230700456,2.6823942898096913
0.00842256816897555,0.014230519881933513,0.004918130110755805,0.006234509181407112,0.002838307332777378,5.56613397091177,4.850849911946368,6.466510836304689,6.012315058962737,7.3778689264614865
0.011105741232682365,0.003399682431977718,0.004021733356331215,0.011007059468292314,0.014881644776073313,4.798150571630548,6.499062475526549,6.260151536127527,4.780690385372941,4.450470172384018
0.005462271721930867,0.0029400874890313953,0.022585081301838526,0.001047253435528414,0.003687722216489306,5.258663759089499,6.126644705757523,3.6268617580128293,7.625808996466322,5.811309122025425
0.02011763130087406,0.006954215665026144,0.002867285486416233,0.03762445664626042,0.007248751295346046,3.3756794553874085,4.41584248215131,5.538372616922503,2.849009007913496,4.392124627543829
0.03900705467878765,0.004956825172977774,0.03311773903019548,0.0025860298178426717,0.011627087741553653,2.4580755281654576,4.100396933283433,2.5795015204204885,4.6293025943958535,3.357233324309112
0.0032353824040382137,0.0010096102912354283,0.0025557818330627403,0.0021707476188357906,0.009825929911837046,7.0108451495543225,9.305360610207984,7.422733717172429,7.69460353663594,5.264424311930833
0.0034561503168729466,0.012835598124624268,0.002176518132859455,0.0027953538908416925,0.0009337366444890446,6.387408929691642,4.556701458432283,7.226151810537208,6.736521036950667,8.765526652114529
0.02124043114294895,0.009678632964953969,0.004444258963264288,0.0232428333302425,0.007609567336281156,3.6381650376411994,4.457291425737813,5.4761168110508525,3.533360207218593,4.754476083468478
0.024156184349142545,0.006547481962884667,0.03721159507484259,0.002858573144343176,0.008810537765310251,3.130734789046698,4.370282485017984,2.808281349836512,5.264651602799084,4.062466201685816
0.002413207815286473,0.0010671754786279468,0.0002778265851132681,0.04247366634818987,0.0010717572383749639,4.620723259425343,5.3731903318163114,7.2947793001889,2.3427253022760244,5.461775584776845
0.011237706219930938,0.01304800858173612,0.010699299438905222,0.00451016179355912,0.004016771899871329,5.0103291291037335,4.825987520740388,5.128299222310336,6.317225898315017,6.551079331953536
0.009206996698679804,0.002213765019886931,0.005733835780522691,0.004601981994269771,0.022433542459267913,4.870278529090363,6.969435930258764,5.499909200691894,5.761095788648358,3.8556696844848295
0.01651961891272474,0.018616668414594143,0.003877311533670901,0.017003703762169853,0.003622863149015823,3.811789967176111,3.688548388072187,5.553099026361675,3.771283165071264,5.608395162306146
0.00447613927009808,0.0006751456477023962,0.0009494643598191641,0.008130929718946153,0.015156146923445293,4.650212494215313,6.882353475760188,6.577611695547561,3.9979966064653354,3.4470513656463058
0.000862230369945485,0.0005119121658513974,0.016583513790446404,2.142186090214607e-05,0.0003696923638865896,5.317820985799321,5.782577265167017,2.828966727692084,8.034636726550023,6.254617513996267
0.0065104363687013755,0.009626468526249321,0.0023487719545729237,0.01040843222106232,0.0023545687125948287,5.711665145180883,5.150032937956195,7.4569572011186045,5.063598203060124,7.397526491964366
0.014316297889037611,0.021509529313865575,0.009918302295345934,0.005389730910053005,0.003501800888179969,4.269472906608575,3.846399108034799,4.748139025159064,5.469183997479962,6.136938300344763
0.011898289733970216,0.001939471063124496,0.00479308718361902,0.006102049592357583,0.03635399993572155,4.044764522450894,6.292310696935609,5.099988105612064,4.765538941900516,3.0211034701553223
0.004215288843403726,0.04159996007925721,0.0023423169253380025,0.001959233882599762,0.000514502889706876,4.604522796333777,2.5800981122570765,5.350623009990735,5.456564282483304,7.1934938725936455
0.06177976349340504,0.002978984384266642,0.003126413493123882,0.01781190659732048,0.015811340929941343,1.9524010454536938,3.991718000544433,4.070962980512953,2.655371931739591,2.7730717784988737
0.008268189596130616,0.003997223749262067,0.01218380625644285,0.0028962965981511658,0.007719366894532486,5.643268279892614,6.828988673229044,5.093199383353621,7.331594219478501,5.74959715620092
0.006596598157118513,0.0032952080805851635,0.0018963795348615644,0.01645897572070862,0.005568293367837,5.573892766803191,6.639210210431026,7.677256113570152,4.3813582047456,5.8358760210743235
0.007314618696081004,0.00888260927723579,0.017457505966392454,0.0017398310203018503,0.0024307712021968486,4.964582375627674,4.724889043515228,3.9815062922536737,7.031483767565011,6.555118599633083
0.0068542578379389455,0.0012299507104417571,0.0096954189336923,0.001479870127755202,0.01898542618133546,4.527193478048749,6.696241166765957,4.12724221628476,6.321141768975848,3.4858737515697746
0.005248668786982263,0.0354782673883262,0.0014334656647145578,0.005121579042325949,0.0005772958227975506,4.200369273314445,2.593840347582875,5.7828201438104045,4.224357377015923,6.675192605135779
0.008686426218594478,0.0038609880962900585,0.003183480242914338,0.012212839015428042,0.008612181026787192,5.5015577598871825,6.783709174823629,7.1692662038847095,5.013571348708052,5.524089554140436
0.008381107595069784,0.005511375546416953,0.019657103415969473,0.002147657146746346,0.004610996245102325,5.144315087139185,5.73430176792658,4.114432058728129,7.211061244064282,6.003810345596352
0.010155487901223507,0.006697827430984445,0.002147479257715387,0.027800040025716073,0.00423935359247325,4.486565626922311,4.9769199709038,6.661202770714947,3.447741274629098,5.6114890940445115
0.04388912836774953,0.011865720884213223,0.015595075600498018,0.00787842060127762,0.010014249358634245,2.7325334304619737,3.8436788220868867,3.611429565951042,4.229781836851545,4.0199018656958945
0.0017867095093675592,0.0001493591903331637,0.000680044486275759,0.0008344222422883741,0.026005162580134397,5.032956163600672,7.700937757842198,6.019939006276756,5.515580644878617,2.712351957119942
0.005492485794090452,0.01234793714169093,0.005777849554394475,0.002674713747878629,0.0018008774922474947,6.112494282164009,4.955663747384759,6.086820353996975,7.326376367423636,8.13428358995627
0.018358254088320407,0.005848762352971818,0.01135195331901888,0.006794923969013059,0.014696249416578846,4.123228548618175,5.555510521856876,4.6926690347623525,5.289696083752114,4.374737725831965
0.00498107239504397,0.0018763856737344276,0.01859781546811012,0.0009115448770715284,0.005210738735611892,5.245707240307488,6.636775919978283,3.7243666293781046,7.560686616439249,5.195006668910563
0.00320714483905184,0.002639677083699698,0.0005826551104915936,0.023645283961410343,0.0012556438394396201,5.176445848425419,5.376354591751756,7.718083119992382,3.1658136704882347,6.378557403293581
0.008949489905128585,0.05784361993124007,0.006618833633731051,0.0013827921974995973,0.0006931829468206255,3.431102515793494,2.132774768961911,3.7254547685683086,5.066153937171721,5.915758677688632
0.011631564733318413,0.0037711900182738284,0.007050492697724935,0.006296081294215892,0.015523286363175844,4.949280512691753,6.628597740187066,5.651129062887131,5.749390880885826,4.588294583547092
0.009234890215324965,0.016775919773006503,0.003275132077375265,0.010237532089262778,0.0024991702050605096,4.861895413536619,4.159709081449494,6.391845342469061,4.73501500972208,6.780329961148161
0.0078041661148465355,0.0019249307532135547,0.0017952573300039376,0.015673537770510358,0.0123356194304635,4.591074899205286,6.435043747085522,6.605222322777727,3.811426967279378,4.092205937305842
0.004467591888315001,0.002775399663889708,0.03734562927767711,0.0004005844581693886,0.0018215772291801362,4.626310609738549,5.138213290749789,2.6994585372480078,7.1776335460399325,5.6924743209189055
0.01716371024126747,0.008267149655807887,0.0012202122348453075,0.05678201926471805,0.002067813233332371,2.8121848194484484,3.3360293230750893,5.250760685182269,2.0606501751672552,4.548370617381104
0.014988238410954879,0.009395268630366166,0.013966500014189117,0.005128051037136801,0.0070465020769748775,4.563062248909329,5.168066557211572,4.670864452654804,5.985490743436888,5.561848814474757
0.004577132866922683,0.0010468337745618724,0.003186379911582147,0.002633839123931222,0.01829060212935172,5.695651127687584,8.061915609043716,6.226492812917636,6.489350567456093,3.9857747363988065
0.004780419789362241,0.024482273065041086,0.00209871302447105,0.003983384071094711,0.0008796642868701601,5.093351171603902,3.3521647359629347,6.287309153964375,5.324865812115217,7.526449621004862
0.020853115768304033,0.0038891841519588326,0.00224875414530193,0.04119548419161325,0.010473542662792101,3.0655625989470128,4.62159312082793,5.321563456508011,2.5448596178343594,3.66554567856431
0.026832929043457708,0.0014620997149257305,0.02495656852486696,0.0008770266366341256,0.017713401498458955,2.3939769027851776,4.512121563539358,2.4465940239404182,4.634266770931175,2.6651472413322623
0.004066926690002652,0.0024838219366251756,0.0013807326793113352,0.010598167089288573,0.0036017638150607446,6.782390480351298,7.671450869507675,8.946132980939291,5.288510749092799,7.0107405324009635
0.006167922272325415,0.009974213538154423,0.010300064884303763,0.0020536438711766937,0.0021221888544255326,5.646207614971271,4.989655791067796,4.974481726711109,7.417132357814332,7.406932965093092
0.011331153960230936,0.0028335131567139415,0.013454877061278936,0.0030240866395328156,0.016799821034411414,4.424168993732772,6.265536085104765,4.215733938054316,6.113438470594919,3.986176129633882
0.014111333556117458,0.04185874683949971,0.006095686484347795,0.005739633260821144,0.002111589287608656,3.7539500902510956,2.8280796754974795,4.697771855808931,4.702682442070901,6.0155006366245605
0.015039809347716268,0.0012877562844084678,0.0026774872759947996,0.00921402429431573,0.04764380921954546,3.203790044987595,5.553091993645883,4.855360245628457,3.5991690971520085,2.3857306249510297
0.004316020203095013,0.002743538094123371,0.011385413431061768,0.0013334258249606016,0.0035279878717386004,6.569111358612308,7.3751237783543875,5.079055998672409,8.746978806767986,6.9219937400759175
0.00723557419628149,0.007180572924270515,0.0020691780777077795,0.016510111167529217,0.0030289231120837123,5.345477319814361,5.343603205851789,7.380851768712736,4.321027970470628,6.677885917841808
0.025648403863190096,0.01776063707762196,0.010938631221623299,0.008885298629976838,0.006231061757196907,3.5009718409341564,3.8604971108162167,4.415085754479457,4.584825562943519,5.060649140121002
0.0052258792360378266,0.0007288925157370653,0.001988785261005372,0.003759813176863572,0.032590765906655446,4.686781503078662,7.160951168376545,5.876685509649734,5.039485007009487,2.9415336270944032
0.003318697016860883,0.04335803388815667,0.002306101034842182,0.0010354234125947348,0.0003057152287802793,4.478852141121004,2.3655104105709515,4.940385207808076,5.631414298603819,7.108065383881105
0.014814946474459386,0.006420762951100988,0.0075671481015657065,0.008910971151057838,0.011025407117696433,4.696581945109561,5.853210369898823,5.633693708391245,5.327030986796597,5.0848492897987745
0.008056009575290268,0.003331080366766897,0.018061307502396914,0.0020419568521820907,0.007437463389256869,5.0911217805564455,6.386577903563451,4.115030637872282,7.134813579785033,5.201025346085862
0.009259754394506856,0.003362553706888763,0.0018649439624953972,0.027693085644202788,0.007196181505039446,4.476702455321207,5.756035391615468,6.6957149593921645,3.353972410370996,4.790593524546621
0.013509007073020515,0.008146377195025596,0.04417566154950279,0.0015272835291281143,0.0035674874182788944,3.601237708666921,4.089823744006843,2.6634527049690604,5.902867587625708,5.021072376654912
0.002077697097276663,0.0001529559356634411,0.0021326511990189378,0.0001755361640293368,0.024772098940803254,4.619037945545852,7.1944369780947195,4.560034227175078,6.1544383116395505,2.6288970411577948
0.006161032295808758,0.010240442392821405,0.002407404020189375,0.00892260643411492,0.0021667464063462433,5.844292930209763,5.114725667820739,7.48558037503675,5.317669241036368,7.625686923230938
0.005912176304741561,0.00218419939800997,0.0016087885593259622,0.014702940523676962,0.007179441222620026,5.425947825264901,6.9362983840178085,7.526778649121133,4.269592811045107,5.173933158909743
0.0057142580364430385,0.0055498417788898465,0.022944145384085023,0.0009882172654379295,0.0020854880542621247,4.944226108994837,4.978289259691931,3.4626856889657773,7.2732765280280685,6.3330387398600685
0.010571616553918138,0.012842804451253378,0.0016143525827483926,0.026700055937266022,0.0018750108697986414,3.746134679070583,3.5487658970768,5.946101510671948,2.9514279412269757,5.610107902279172
0.03766598666478647,0.024925756103921403,0.0174551184278896,0.0022057018923554764,0.002194309332153499,2.274905926158947,2.530232795230471,2.7984153458138388,4.303401619423849,4.466353764278686
0.006788187361658938,0.0019152922222552581,0.004351921512254746,0.004235237474428651,0.016932692977307696,5.592123014046915,7.691904022807781,6.265868224945349,6.267581271598041,4.402078158367906
0.008580234445165189,0.0245587954009772,0.005834295847901027,0.0041826303836659095,0.0019641911500836184,4.8433903753673375,3.6843181516091357,5.406058907755757,5.804428287288642,7.024433102687032
0.0230691635069407,0.0038643168016798206,0.006247625109824,0.011111450326170143,0.02656630991390331,3.376545832367678,5.308813270291375,4.743568032329385,4.037410784007716,3.258623202724929
0.006326132572986517,0.0010347980799544543,0.020811409643586264,0.000562406860930379,0.010259427832092957,4.089217120694416,6.0142164832660665,3.0257901303248707,6.347281891297192,3.6431570667171895
0.000708007389532005,0.00029139306314141433,5.530183468019185e-05,0.019924021458848435,0.0003411751642242587,5.134478835715834,5.878155910025141,7.877553010057384,2.5826158062250557,5.845770173917561
0.007382654182346481,0.01174304979692927,0.008064906092784265,0.0032848329780466585,0.002676146247667018,5.787630505473822,5.133534603244387,5.702891259096111,7.104249786058166,7.525965467172623
0.012387841305044932,0.0036177967802817593,0.00877998493425709,0.005242020448769092,0.017239474765190537,4.694197050837419,6.44660090850781,5.137618235194954,5.803089760944055,4.302593244847544
0.01111916054620699,0.023172575899533098,0.003988499284553053,0.009292797961309768,0.0024933476693820254,4.431351437540549,3.6581792064766208,5.81156506625259,4.636751298775676,6.472362475888342
0.009935205977942986,0.001847000102367481,0.002062985410349855,0.01520761181261252,0.018265266718302416,4.080957383471526,6.088208223778377,6.010404267213552,3.630904415718302,3.498877956622505
0.00577229768356595,0.0016782593698685933,0.05925445971887935,0.0003225485923577769,0.0033053350723111384,4.017143869175096,5.216912663893236,2.22295400056153,6.582808309732984,4.588977226857038
0.0091492300018151,0.00536110490621637,0.0030946327598712214,0.014707420089821373,0.006213571717159963,5.40042485168082,6.2020596319216885,7.193500259219501,4.752129120500893,5.988625341377688
0.018426738005127903,0.006743539812676343,0.012650095967343223,0.006423356037906858,0.012376283114600805,4.1634658845858965,5.413138640201087,4.609733062356559,5.423952197248615,4.62242646303683
0.0023683891670762455,0.00048315299376036104,0.0015048300521339011,0.0016285450265345507,0.012200646975645222,6.366376421308408,8.897473639769087,7.055442778819594,6.876207142777607,4.2304208189254116
0.002302839783216341,0.01654146380020574,0.0017957136365468896,0.0011242855895192759,0.0003795941215297777,5.724390044692455,3.4982024751447613,6.1131149760526515,6.645833887264181,8.3246538793177
0.08022709527962509,0.01308308488905142,0.007134352076261459,0.012956213001208562,0.007059377496861943,1.9972443914883489,3.181891104254385,3.731467783504253,3.170823000316036,3.7220342985160872
0.008188891323439525,0.005020944980966358,0.015708783583761956,0.0024533698133239372,0.0054189295811592495,5.470653738550034,6.223356396172378,4.6039387833075365,7.393230169133087,6.09310592558863
0.009092492067656005,0.0055115898672198705,0.0023049221078900706,0.021926472058236217,0.004998180310749295,4.9314719741722515,5.598548969236294,7.026051067502709,3.9081246219813375,5.7701890006442556
0.009692945137336612,0.012419234178411202,0.019318101659045593,0.002075371799746141,0.0025833753707543605,4.399806498397934,4.129079633393109,3.7064279741804795,6.401483118692243,6.1373688033055025
0.00794701078273144,0.001044977700580192,0.008146497070827827,0.0016035493355646322,0.030513061684960627,4.093605252325293,6.412119152362109,4.058355381141663,5.748474538874549,2.8982642908543537
0.03128593345264634,0.05210375464851442,0.004882572128110513,0.007096666468985403,0.0017661304200605884,2.4662246752676222,2.1592022678167178,3.9462243175537957,3.5484985463354577,4.847924696656594
0.0074031034883983125,0.0022676958608934864,0.0034643956685633196,0.006695522756683187,0.014732775886409765,5.53545475330961,7.4758154255606515,6.742775012917555,5.640700645934917,4.625440776274767
0.0028334542441839127,0.001820479983283348,0.011644927944843344,0.0006115548791676312,0.002167691033170977,6.487120816872401,7.210822429548418,4.498869344059677,8.940114518868231,6.940425986560187
0.005260737436255972,0.008704840176398724,0.0012711784910395144,0.014085194411618991,0.0014235807673681974,5.051232900532275,4.427613400422038,7.176103379079944,3.9412495383566877,6.886664447121159
0.021706620741619106,0.048372484915194025,0.00736692039104506,0.005916913112998913,0.002302466784970871,3.0879117141039325,2.5081212149623187,4.104879776468065,4.268531308183654,5.36467384649398
0.008050816431616504,0.00039179743560869895,0.001314240865487545,0.003970470022332487,0.08046142520561117,3.2959269811394627,5.855362892811472,4.8488459682168354,3.7702734790083237,1.854991839198398
0.005606193737527042,0.01582287168894401,0.003482550749465506,0.004181766752539029,0.0016044356535984759,5.870580474683316,4.484203081202462,6.699975033237088,6.327540183473009,8.051046698783974
0.018528163241232427,0.00600611068319485,0.004906999501644014,0.017484315457426496,0.012419205422899026,3.9453985272915473,5.279886208011839,5.596914615103127,3.975787452763746,4.388067992722421
0.01573332799567805,0.0036470179283031538,0.02483825584794603,0.0026724520319171842,0.01375902452640488,3.7101721578382114,5.361256656593102,3.2951471050215435,5.716009135565114,3.8454755159449214
0.003437991166472868,0.0010776828887832143,0.0004772345112092269,0.03289702633059472,0.002684894549861461,4.7030369467639215,5.942934817235902,7.279351022126786,2.692241025969764,4.991857249895903
0.002475678806376747,0.0057755077088362475,0.014225359396590935,0.00010074067037148463,0.00025425400767121336,4.064049432098307,3.373882359018088,2.7785294492921415,6.427501044145653,6.13595252593953
0.007207078355169766,0.0028173461509035567,0.00867686927235257,0.0029008658228950393,0.009982368711722714,5.890090562947471,7.498427694680026,5.588401228177994,7.359083189660544,5.399992202503751
0.0053638129637952545,0.013977537827894817,0.002681068185885767,0.005332831811146991,0.0015816023261579519,5.918001380619107,4.614838256577575,7.128748911811059,5.9351848862838255,8.046660707874253
0.012451610890399274,0.004494765310043802,0.002932022452204352,0.02237927998204306,0.009441703354127487,4.360245514104737,5.652645345614693,6.335723714244612,3.7258672686100143,4.697987067164141
0.0086341048562763,0.006058141535824183,0.03507337589193856,0.0012670242260653351,0.0031024977926108785,4.306362809001762,4.706600234718174,3.0012910582044388,6.6394106116016935,5.562143068643409
0.008614322177842781,0.006567853417404176,0.0010738014291753917,0.047104913761558544,0.0019167242398772817,3.7699428956572207,4.005248654632344,6.2010672136011,2.443707078484285,5.327562490257482
0.01366656465240017,0.009961740798300867,0.009449185778484541,0.006725255257948927,0.006518179015042869,4.904540748073965,5.343288684424831,5.443217654469956,5.872003190147502,5.963078561777751
0.0052047139261138355,0.001395731752894567,0.0030114487034882138,0.0038488958012086625,0.01607413398511775,5.849998591003395,8.086121703078238,6.7178802707766785,6.270171584334266,4.3657305038779635
0.0062920408705809915,0.02263867249727533,0.0053827218870781965,0.0027246257817720235,0.001401601687192754,5.102978289989415,3.664081103438719,5.359626575017134,6.273370532064617,7.392921244246411
0.03405951848462407,0.005183942574846141,0.009834316962358288,0.009305349554017326,0.023274772542583415,2.9473495740827236,4.768504910659701,4.087225518699151,4.082686196976897,3.261150094783364
0.0046476280868973565,0.0008792506356719511,0.031080094180889237,0.0002506523331998906,0.005235794920566252,4.174937732207528,5.843675325137158,2.604223748068397,6.63914368014557,4.087990806007691
0.004655565099738386,0.003615077232970482,0.001497054412179608,0.012599660260749396,0.003008609183917153,6.424929296104932,6.836584925128546,8.595978826253583,4.966747521114285,7.198648448243597
0.011923244684811075,0.017468572801285987,0.010526867412007817,0.004432148880992017,0.003371313561912068,4.647877026211914,4.210534941786214,4.852548784461043,5.971456438424603,6.440257541866967
0.012113785622115621,0.0023140648438837188,0.0062292760143587474,0.005331383735719402,0.03033253641868616,4.217372474521523,6.370144496063854,5.006399182743121,5.148633644058645,3.3156779513352905
0.014190960989210305,0.0231525398942636,0.002735767685656577,0.01656433693501528,0.002293368911257008,3.623082358523958,3.184565639259232,5.49384252982778,3.4743554525624694,5.666744501258592
0.0037851193547338534,0.0003925664833125444,0.0005271539521144236,0.009692027820570189,0.012873116198418261,4.217666894531781,6.439729282663911,6.3385824387207945,3.376359094349866,3.179200344813087
0.0038659972593159436,0.003279591376620446,0.011261288562452823,0.001147077582688428,0.0023921793223913913,6.617996806353746,6.90260440676885,5.002012431159286,8.864289881109752,7.479960953205039
0.016643897359553003,0.013441359268849413,0.005231541522341715,0.01476744338951112,0.005422005495933129,4.192685428076246,4.432707884404461,5.7077697491353225,4.310288469286189,5.613227503775729
0.01633692517851947,0.009613446912957508,0.02892413423049811,0.0029398668983324897,0.005394953635247638,3.822547755898604,4.398730055646824,3.308357461006927,5.854785530013094,5.086739288561996
0.0034807346995043725,0.00043619480643865434,0.002990227743816839,0.0009777830308841692,0.02606974816388022,4.9449795313701985,7.4737168790811275,5.110725353868892,6.227851273807215,3.0081890137885803
0.0012325540685903652,0.0203337416534803,0.0006434566009364575,0.0009050243893136931,9.989822043962873e-05,5.142982377816984,2.7265612179278516,6.20779444746392,5.5103378821183195,7.8400509821023405
0.01339246632071338,0.0076295365521153475,0.004547954152704836,0.014912044380105871,0.007335437163436656,4.729603399695374,5.479022113630212,6.307846369020984,4.577048265164884,5.542437488611956
0.016976957916112697,0.006775503734498211,0.019871960704687493,0.004157878487085399,0.009717969668306155,4.089670457445962,5.20025058246348,3.9342744287353373,5.828575608192087,4.733730324025733
0.004223057691236103,0.002372710762162656,0.0008512228879840294,0.02452000321434715,0.0026171542229187173,5.288945372023342,6.04254640365921,7.778420903764427,3.3826106102202855,5.952606089446824
0.006850660614047698,0.018983227899998237,0.012436830945996074,0.0010645432167108954,0.0010282724529847385,4.10531560739998,3.171704083794114,3.566207814691606,6.081890684249123,6.296628119681793
0.012968390543493306,0.0006344470306345151,0.009861670393632643,0.0007219433185510377,0.043657868325479035,2.914803914365224,5.326240614604252,3.1134606362916775,4.826854730014141,2.1501917667356505
0.00889043991245227,0.013350854400274776,0.0051545798779257124,0.006624347137003638,0.0031726873047133322,5.559128955424443,4.9998894178493325,6.471417757752561,5.994045519573716,7.266975663600036
0.009768213335973107,0.0030371031629958523,0.0037826695853566588,0.009762708110608288,0.014597866783283057,5.03786650124772,6.7927715255809895,6.4566837672325255,5.007138154549351,4.540754647637768
0.0054885100680249635,0.002784509072392106,0.020639383240042542,0.0011332122720962834,0.004113123582472851,5.352597698591932,6.330767323475746,3.7805160814305543,7.681686169324301,5.763851953507744
0.005281283165660961,0.005099913824778425,0.0010301659986647117,0.02489772829311648,0.0018026934530247108,4.872207724896582,4.889525706681506,7.255319916639415,3.291982554069703,6.29041768031222
0.05029449651868874,0.02292554869008822,0.006852792278516051,0.012530883720401698,0.004693670312746462,2.3765287580831376,2.9126635793411157,3.9852830827398145,3.378357089832305,4.337299707141779
0.005247371427270254,0.0017346083896426093,0.002751708367370641,0.004989452530373968,0.011727493493558871,6.281295937437804,8.304039108094527,7.417722312043096,6.315596013739586,5.09433919155193
0.004374023199629271,0.014560907748605655,0.0036488996465410656,0.0025340562569499273,0.0012081745029162484,6.110803432380756,4.4795677990749665,6.45659523370356,6.999729649529998,8.403410588081694
0.027927441519165642,0.009184783324592832,0.00920052850784558,0.01201676443373437,0.012121818208499424,3.4400012940973475,4.607047280783105,4.6381726638205105,4.260818248572802,4.294453767292396
0.009180586971758189,0.003053497189404245,0.03935473897695058,0.0011479125990516378,0.006094504594117576,4.113642265658091,5.383307078409596,2.8168107460676852,6.473768809623561,4.567724847138058
0.008596116976840573,0.002300214670722788,0.0008528636438131339,0.07559142672115314,0.004054543570445944,3.6118986646473323,4.829697360761815,6.151094197849089,2.062926100603133,4.331933440256523
0.008721932609911852,0.00825052496234173,0.013581326782551473,0.0028957529284122452,0.003942506799300942,5.427601478887052,5.514135391260542,4.856165052186939,7.164871011619961,6.67173339650812
0.006179633679897725,0.0016591426846431522,0.006309069494564249,0.0024871372738664204,0.01574218215543804,5.489035533750429,7.598882092582873,5.439331358225298,6.8317418391634686,4.303023718802055
0.008011437124346408,0.018222619247572437,0.0024109755016614937,0.010395379278617353,0.0018281771261687157,4.688895344662282,3.7868163752865236,6.379797280968502,4.389722742968872,6.755109240142093
0.006970841815290139,0.0014586590283705446,0.001200076631212213,0.02086970131217746,0.010081654816118708,4.300341386475046,6.124854399399167,6.522449169339759,3.231644923849049,3.933450224246001
0.003838882640408936,0.0023425917493660187,0.05337637538050661,0.00017104722123848916,0.0010678773382529335,4.170465733822404,4.591334934119129,2.1852974389567588,6.783070394538355,5.450248838054183
0.009715510160347695,0.008503822275065005,0.0032794999088129554,0.014467482473331942,0.0043526761772196285,5.212298086525131,5.392387746192927,6.951875256381939,4.691218722815175,6.423259069996745
0.019428391867855395,0.01212160634022662,0.015155398400248314,0.005833134358520128,0.006950274246024154,4.005810756959042,4.541253213567103,4.305853154881623,5.436236588829954,5.2411886906887855
0.004906765469126375,0.0008817936808581813,0.002895330794669376,0.0027557707830401057,0.025457034020919308,5.170365487135917,7.614184583157782,5.878763830494878,5.908087200304143,3.3896241199777313
0.013178557967440547,0.05271905136063186,0.006675382177681394,0.003881242464383197,0.0015756494943864096,3.567420715793374,2.4883408893327617,4.281524640290893,4.808484988177187,5.938109189415269
0.017296215946565215,0.0008594169120923077,0.0026878443881658875,0.005740142585889811,0.07401748967999629,2.8091223775385235,5.293692946961317,4.339293093035705,3.5990099356222958,1.9388532815216764
0.0059156390646800784,0.002148851270947258,0.009586871207323116,0.0019982226821335554,0.00911387949622766,5.82407227742976,7.5311686373439315,5.117758028799222,7.59264041978236,5.2077955740734385
0.002651592683574203,0.0017990815568220985,0.000710306789129544,0.011745192363893457,0.0019112964889438876,6.566464510041358,7.1761679346709775,9.044879136653263,4.519632034424918,7.123168262554624
0.0049151827077152915,0.017371667774095278,0.006633423423008234,0.0014612840631990438,0.0010092127709143493,5.067992446831152,3.671531584062911,4.739120510126717,6.701479812158767,7.340909392541479
0.03145475970614902,0.0036723528574873704,0.01975662041132192,0.0037275162091709806,0.02201295300883589,2.7698774872595444,4.704730033990027,3.1273423854970988,4.643723957421221,3.0347912442417986
0.003921048803580957,0.0786128339472274,0.0011972307636892916,0.00214832180440018,0.00022398848772749318,3.832176442986294,1.835772837445273,5.154745693984942,4.3358677805834756,6.480824844852413
0.010123208502388329,0.004445334249992903,0.004186371279885961,0.010859818637945322,0.009765036817917155,5.3528472952240325,6.633560616529911,6.77289704475107,5.237729847288488,5.413115727452886
0.0060153296455225875,0.004320617438986776,0.01671538321480013,0.0016071556236587538,0.003571753738465889,5.691518745907599,6.197677354370243,4.352686432671379,7.863898021266154,6.509651809518041
0.01401223057260745,0.009188766733539768,0.0032027115421702328,0.023750964663859706,0.005223584534467516,4.20192513175428,4.679339268416703,6.163314541445202,3.650466201589403,5.423664226036664
0.03155933871204628,0.010887029921881647,0.023710314219914312,0.004969233757155666,0.008517700211151422,3.0500556020205796,4.026108172685146,3.3115621438638465,4.862019592531701,4.289071150339209
0.002235707912413982,0.00020992090364565637,0.0011732249300772444,0.0007744542755521826,0.028820725418931454,5.000719399265294,7.653794419737174,5.6572195026158,5.831831317828038,2.7265032552294097
0.0037411814967306905,0.010710437818767921,0.002823829804496625,0.002770852321651452,0.0012127424430594684,6.848558377464706,5.216978732915674,7.426907101841897,7.392330796149103,9.087829036650591
0.018007025982286366,0.00958893545373639,0.006241391644236173,0.013841981924281216,0.008252712792693918,4.211846435257306,4.9719646329201455,5.597247625161013,4.4888884827993625,5.17289749341417
0.013952246566719817,0.005853192019986741,0.027627890881791625,0.0027374824465452767,0.007560933931333296,4.113794162456304,5.154682433918244,3.44182601645897,6.164449569470523,4.824505552652398
0.0061513466428694714,0.003082298084856415,0.0010058774936901288,0.039566912294942955,0.0031354852028621883,4.54197988776308,5.338469078916941,7.023547749900783,2.815837283394105,5.362826726189869
0.014617915014661085,0.019991266482753164,0.023606093383042155,0.0012949743804949604,0.0016300421160563182,3.1407033386222154,2.898336580455653,2.810336721615062,5.275418697469175,5.227588353041782
0.007569818744438853,0.0024007623023260235,0.006188873953509777,0.0037770247584993453,0.014586010997570661,5.616452340120349,7.533096377180147,5.908624649595035,6.646595258317197,4.7266830600117515
0.015319519176639247,0.0162860985445725,0.005703276615257147,0.011540936774480367,0.004520780916782793,4.327829994434495,4.260908215626148,5.645812483554812,4.645968824905135,5.941791489059789
0.006423155300170141,0.0013721814464594784,0.0020373548095681438,0.00770897371833089,0.018363488480437767,4.9218383239249155,7.093404367071302,6.534746510686229,4.6632684905317445,3.759334975620799
0.0019017859699726075,0.0011179356207119803,0.015637793505863615,0.0001721853236690484,0.0011577580470176914,5.755831028527279,6.394384295892314,3.4556249267477703,8.385573207810797,6.43203164904842
0.006493141570759489,0.011644775272746113,0.0008393814138426352,0.021261421546338897,0.0007703791834374262,3.707337559713392,3.200570608032144,5.9845938748025365,2.7700793701623874,5.7658521786743755
0.012643461543512948,0.013681917120414467,0.010077272921695033,0.005426867403936978,0.004480125454153174,4.841682188030267,4.754771657177011,5.181334944576087,6.003127602499702,6.346331169099615
0.008518954097430002,0.0020166758377575906,0.0047038051048433885,0.005004816356688035,0.022657239191566897,4.9470449856798036,7.09266436954482,5.7628927477152265,5.6334337094715705,3.8263063549157637
0.0070904158767621924,0.03157458456584959,0.00440779825996833,0.0034438808347061305,0.001318292767706448,4.708989806652524,3.1983497291651095,5.3563085710463145,5.626644514277628,7.079528869088975
0.03396676220978478,0.004002914223721753,0.005539295795121911,0.014143560044087004,0.025490018818826732,2.7720878770569346,4.733497000705276,4.419644899826931,3.440302509327609,2.993818388039963
0.006202830103810807,0.000661366704836698,0.031007466352526093,0.00019268679573307155,0.008275065211695761,3.5413430883376567,5.470767788303885,2.392328164171966,5.9463423794416155,3.3395990096253185
0.006533002198969778,0.0029880184612437713,0.002005348086358035,0.014372494900168056,0.0064355146620114255,5.6695209899279275,6.91041820743738,7.687871565575522,4.6025609503494955,5.703775653791498
0.007547326004716601,0.007403326420638256,0.019543247574090337,0.0017812005231183869,0.002904739399725478,5.013284839548091,5.040843490484317,3.927627677024307,7.130202703679476,6.391865664211612
0.005114641579538752,0.0009880546447399584,0.007390201449678001,0.0012398411805668735,0.01600368796579507,4.982155562040827,7.194832793342482,4.521995318948517,6.7227454528753645,3.7253361143113386
0.003702853264836653,0.01979233097647494,0.001048694795315469,0.005134109865091123,0.0004988856476067765,4.709061127419473,3.1057608653514563,6.424568106168515,4.367543709311748,7.1207276910999555
0.0056017756098780186,0.000719029075806239,0.00038094026442878146,0.06333043917391251,0.00414956989779617,3.4759161930132265,5.12046422685421,6.042776295976001,1.9101940735154859,3.7342780913061944
0.008780023510046869,0.00666972652473488,0.013705103888366972,0.002972675717542734,0.004838687591203669,5.539238454982072,5.957095755941897,4.944658529852529,7.2743850149315685,6.471424532268253
0.006820502211294296,0.005623578283552914,0.0019485457560393803,0.017252956660569363,0.0034316631626693066,5.510860004895097,5.778894998188097,7.610114393819673,4.338814918855539,6.5835802256083555
0.026623433661031957,0.013048066693243513,0.009836566283035142,0.0109286712338399,0.008447361753750727,3.52941732632619,4.260223320034902,4.618915791630524,4.424837876868394,4.771170777720478
0.0036136798977202296,0.000566082182110296,0.0014428325814962153,0.0030762371079252663,0.021596025619384913,5.253730703548942,7.743453302324307,6.466267552889265,5.421324242772904,3.352954453246945
0.002680713364455139,0.026424770010642203,0.0025053883564826107,0.0007806992572532976,0.0002981628585245162,4.860300542845766,2.7756307983724025,5.011110546046682,6.175258199368948,7.452577836205421
0.014452342938767926,0.0069997011255055076,0.008992733590295494,0.007402493171856282,0.009818362160040088,4.791579848791704,5.8058168310841465,5.457222582834008,5.668967858093743,5.3113996101398255
0.006580853503540487,0.00320194151247112,0.01733118968151676,0.0016993357403931022,0.005611377004399844,5.452101345364814,6.56813119353966,4.228567521597463,7.58749200167939,5.684230008075756
0.004723907588781456,0.004027064983606745,0.00108628344341112,0.02015625110770822,0.0021714589302930893,5.431881740690185,5.626812444093376,7.805124772140595,3.7537588869031104,6.5840458844606164
0.010027351039892853,0.03200719153607876,0.009533074093743205,0.002471980062297742,0.0015552042625896847,3.9912804602661125,2.9584903946657293,4.083905790989156,5.584116126597779,6.253636862632397
0.02092693466609888,0.0013638493048007201,0.006793193805196652,0.0036255078041130995,0.06235590590145055,2.8444200687280583,5.251641447859603,3.764575096593101,4.24375133541975,2.1451604037668033
0.008473163917433144,0.013373675231595617,0.0038453171399203422,0.008397134265753647,0.0028667512702187283,5.447607288876105,4.836078966014954,6.747999931987245,5.460526281003715,7.208688548002325
0.008251695886668988,0.002583545774964166,0.0025569153817907187,0.012484956954865718,0.011921230308636517,5.060765703647566,6.781537492751796,6.841327411316651,4.51873193115041,4.607976589440595
0.004768010463199869,0.003394835160334038,0.022823626307099474,0.000819627185471062,0.002443722478158796,5.279813041229494,5.737681907825369,3.521671524331523,7.703939328381719,6.231521309061497
0.020982471709064584,0.012166761816696086,0.002811235627744593,0.03341688095903745,0.004287527018460408,3.2217792691103075,3.694137491504709,5.355687071851491,2.84189009395872,4.807605590270191
0.03670762513493884,0.008735417902639406,0.043320026829852996,0.0016986894929303165,0.004672943389346209,2.374880625001827,3.401986889590771,2.2971533838798504,4.690757113403708,3.963155456081763
0.0046148442199269194,0.0013619272589869733,0.003624623004587677,0.0027563665849609058,0.013293562782362947,6.268145116329982,8.478783325452802,6.652806341594975,7.0936206678942515,4.763351731582113
0.005394346603221981,0.0186835218161679,0.0028953925651863457,0.004299857014451618,0.0013349912235215643,5.559672783531105,4.031231286007085,6.568059815393787,5.889016316948217,7.846597812975422
0.01994025576508207,0.005480067236552473,0.0037708802632198217,0.024800724628970292,0.011959110222145138,3.5861388659915825,4.986774794813567,5.515720585577454,3.3611918056231023,4.105223633148735
0.021351337999650204,0.003244460154863017,0.027132579806682208,0.0024290994973371395,0.016725612005407047,3.1076640656024095,4.932724754059937,2.924669364211506,5.173148074365904,3.314118041041588
0.0014506056453143334,0.00038307199935669594,0.00013894953947153298,0.02902439384439363,0.001070882783240186,4.754419161696048,5.958264960708272,7.434944134840635,2.435284139890855,5.070313776109045
0.0066782416355939,0.009665175958450447,0.01107865500646879,0.0022284486742304463,0.0024269464129875492,5.6144961328539695,5.107411601721584,4.9527560895186555,7.383450465019741,7.277326458409306
0.00996851286184094,0.0025574626680909154,0.01147236978431145,0.0029453955728780522,0.016874726605026254,4.65316669538434,6.548413044797093,4.4712995521212076,6.269880453825953,4.05243225542381
0.01653568148200198,0.03619283724735155,0.006912435455275231,0.0066719387058856725,0.0026592143601515245,3.6848585586965004,3.005022118064323,4.657952314605841,4.632477245497898,5.8417640542170055
0.012084893368295633,0.0011896196790039718,0.0025742752803866874,0.008034388199270642,0.04707431480176564,3.490858717467554,5.857024550438799,5.063374871189729,3.8385445268282123,2.463219963014998
0.0009493530115695224,0.000234507009889405,0.024712832262462726,1.2783971534141359e-05,0.0007218604546682049,4.791975132475313,5.978991080111432,2.397504849728469,7.495199919685403,5.116416422113384
0.005113704736607564,0.005492079906604981,0.0018109406360217457,0.011011108096220882,0.0025387676860721686,6.380529664205625,6.251137046584282,8.361573758356581,5.244654600178973,7.6384293684263005
0.0162066237784478,0.014732194307148653,0.007244460172069986,0.009859928024652248,0.005365586099157697,4.375337209413664,4.491747760295199,5.448088283980223,4.960391662169122,5.840492569128273
0.006292793034949941,0.0013971467680697334,0.0024361725258569902,0.006049379702924857,0.019872266527349775,5.112111458934926,7.337068384666837,6.481134712060067,5.12467169497497,3.7993150245629708
0.00417463023881393,0.028190574395194245,0.0025297233629498705,0.0022932510281517284,0.0006803426158618364,5.0812708682459515,3.120965358893149,5.785197922418807,5.845520701478273,7.609086837561974
0.0529238208086989,0.005946015484405166,0.00464912000705872,0.02130318705390443,0.01355401912685138,2.299552136286002,3.9844344428149725,4.274397586316085,2.88191001405149,3.2711102436183306
0.0090910345791751,0.00444970711229,0.013712839904677919,0.002989238354518927,0.007670758589237422,5.397078636700811,6.5102152252434555,4.841934101417828,7.12829501206226,5.645707514782614
0.006766360630608289,0.0034997215624778953,0.001811812836382956,0.018666685364184244,0.0051631018375521325,5.410260957037306,6.3833839234158445,7.573940152441171,4.144547962531483,5.813282801718887
0.015694977332220323,0.012307794344410568,0.022885753843967134,0.003296204399774942,0.004599002618468169,3.9601878276156963,4.222134648154157,3.620782618833562,5.852871815369258,5.435048690936193
0.005412910056030949,0.0007377939228216616,0.004182945716724393,0.0017113099179341478,0.03279821001564378,4.6185145863113855,7.081008191478527,4.908257273223977,5.879656835886427,2.919019862925922
0.0049128329501162485,0.013516258715454636,0.0008137303419029493,0.012744124572259681,0.0005874156000226866,4.050703906603042,3.1557792862500467,6.199013943718262,3.223139836172929,6.233575328366013
0.005321796927942578,0.0022585904421045183,0.0018339408327856237,0.010509708085337568,0.00674712476118748,6.121819388288191,7.595661923364124,8.051681668545946,5.111141511838973,5.767084635376771
0.004684846217043489,0.004895302331267922,0.014386648807851165,0.001190246594571839,0.002111663715207047,5.830678191309672,5.766791332145049,4.365552264344705,8.058260964283997,7.123042473039536
0.012144160470844417,0.01627963683365483,0.0028969885868091036,0.017032490036163445,0.0028672218038288204,4.163263587026209,3.8489037419984404,6.014297953622441,3.8070654729291955,5.987609487512281
0.02157292216570777,0.02119976036266951,0.02187435361634853,0.0031212520970965644,0.0032846661078475277,3.1722497142644888,3.1954860720129976,3.1992995737931764,5.088302146731173,5.090697915106847
0.005104131681331672,0.00030064591808013583,0.0023635449738610044,0.0009602202980745525,0.08225533664285013,3.804768557542777,6.425799049916729,4.470117070393297,4.99705722699978,1.9135396842034789
0.006921253821673697,0.01562214084372292,0.005946036522987463,0.0035608086609673546,0.002082116074665867,5.636827079839244,4.561871480398788,5.920918860476151,6.670109362197582,7.664004674603363
0.018825738461946677,0.005020871807460069,0.008357807529720715,0.008743493641659305,0.018252287183478138,3.99517628814331,5.6271619947959595,4.957643344474174,4.831629085068104,4.032110493402812
0.006341885461146716,0.0018437043372079506,0.019240146590613776,0.0011123843852171417,0.007917220692701711,4.782342636292208,6.421914535393511,3.5806323997163068,6.994331547753399,4.527760581335784
0.002930226395888829,0.0015925464355691736,0.0004634678784007591,0.02948395747644577,0.0014884296462573925,5.042557507529974,5.704236335083584,7.657465165902226,2.866705367924614,5.858025287330707
0.004010926572886849,0.0209476696053729,0.0074302794295500775,0.000357529412417214,0.0003237047094577364,3.8811010527528405,2.6154422184569026,3.4067088612430103,5.875391518706372,6.267802865859108
0.011903508652233915,0.003840711896211987,0.010249979458853416,0.00455893985237516,0.014704380383691625,4.816044538969062,6.4527935256296525,5.007028881308705,6.108865016057234,4.555219612516997
0.010638590870493363,0.02438631249261558,0.004653088810698594,0.007323646655033177,0.0024248808000023217,4.563773320379831,3.673487229473815,5.69928573722307,5.017389353549035,6.645415368095083
0.013268982866399732,0.0024684392490059285,0.002969704075591898,0.014690353880581907,0.021714609876126438,3.877002339176983,5.862106729661864,5.658472538240394,3.747530228023105,3.4202337589733083
0.00432618386410827,0.0016224493010564014,0.04495069945787635,0.0002841710255693591,0.002454694926428751,4.440246215400566,5.4512018208839805,2.456885043047248,7.02817819865211,5.07109175767401
0.01754832877267595,0.0028811872553378844,0.0008430674867702646,0.1001313387032201,0.0033475634586814028,2.620832416228641,3.884687840072463,5.192979683486433,1.6644780307372222,3.82710406091902
0.012007433364324685,0.0062635663394592,0.010989344683641766,0.005017976801044337,0.008608226315793735,5.139722049261871,6.107818470713362,5.277153732472645,6.401963290365488,5.614983438635414
0.0031317371369274268,0.0008827929039747737,0.0023572146206375026,0.002104186124913824,0.010875982056821621,6.757948351741424,9.122786653155382,7.241188302386516,7.40978567969344,4.910651232842676
0.002803725271557913,0.012713503719589968,0.0019887060862848085,0.001945223064665195,0.0006738098592700848,6.379187143448747,4.339313991739635,6.991332047855844,6.964864206781591,8.863318300917339
0.03107330316330549,0.014197720883453167,0.005782989080364739,0.019499554215575757,0.006979314447231024,3.093493693642676,3.791040385835959,4.8049694856653105,3.4715522042797016,4.5571284004485495
0.016357918508058362,0.005359827289103201,0.06448640543365403,0.0011881510720414368,0.00482439662814378,3.188593941895777,4.199533541644043,2.2401993628236605,5.596049451835944,4.324139299929587
0.006084557450384434,0.004577431746452704,0.0020229355415090867,0.01355046663412048,0.0038085015331604448,6.074380847026025,6.526045934410648,8.094889888775231,4.926353929432776,6.870729932939837
0.009918561990784103,0.013570810864483845,0.012087116563037879,0.0033262078856825653,0.003173818676997731,4.952758313497901,4.5703013513236055,4.742603491958269,6.524365252031064,6.646200070862656
0.010859258131430962,0.002282876540024032,0.007990917008519671,0.0038956161435797607,0.0253661484828442,4.425432464330549,6.5275538062129534,4.783331349561338,5.682309934613319,3.544001453117124
0.018661940875333214,0.030821002760289533,0.004484220491526901,0.012042131322146666,0.002840959308392385,3.453921627204602,3.0292413284101976,5.00031585882282,3.8543469648889133,5.539209888422264
0.006079150278511668,0.000593641757187055,0.0010167670200318876,0.008445587967754879,0.026083754638092115,3.9322678837813667,6.27503990388601,5.819763579757774,3.6132828972226556,2.7476054346057457
0.0041091631746383896,0.002891800675157213,0.011470186143588874,0.0012444959381370908,0.0030291367932474274,6.607316750579414,7.2274958591961385,5.039532259076956,8.827025767193462,7.146787592357652
0.007015421154443623,0.008403272872990357,0.0020717695379925613,0.014620038692440274,0.0026031330104485297,5.347946548701559,5.091299910702539,7.321204975604641,4.427304177568974,6.876025726742022
0.022150337806861826,0.022337977214723886,0.010755240146813122,0.007417386195768944,0.004690352874509321,3.6038847196899058,3.6021457816740043,4.395546429421143,4.759741771612386,5.385212708259252
0.007386483280934877,0.0009598563769710359,0.002628819604286625,0.004636150716903234,0.04185214824929714,4.249485713599009,6.686723013282828,5.452000137912505,4.732013541439435,2.7210279314622956
0.005622237337196533,0.07822641289876565,0.002126057971976872,0.0024543191194583308,0.0004465123958117771,3.886708926268748,1.9957114836677892,4.954842149759247,4.654304655482223,6.498472761274824
0.012303612626976289,0.0047139891659544126,0.0049956028099908244,0.010882824114176225,0.011966080258234299,4.900379013231872,6.289414852631075,6.2282423088822085,5.023587034032193,4.946785800714479
0.010171737635364815,0.003205590840690849,0.014538101961434522,0.0028426519501135485,0.012442185803077307,4.751855450382703,6.386690974453942,4.323280159727351,6.5168634405802495,4.513362254405483
0.0048640536692715125,0.001777038247511724,0.0010512239017325372,0.019457003977756453,0.005084758245662148,5.213825488629788,6.604232720759281,7.554626074255679,3.646310097886291,5.172239613728639
0.004554294063473389,0.006420865993151669,0.019878734509349242,0.0005568499009052765,0.001096199111576125,4.661715997279071,4.281375516118172,3.2331607242076688,7.000704522404595,6.413502613124833
0.0035846950684902466,0.0003116933078474226,0.009710672269048695,0.00013710094689427723,0.013044950069910207,4.05699658343913,6.302734978993799,3.242574107193475,6.197108657707396,3.032156714393496
0.006396151074245839,0.015279755171771393,0.0034438571487370906,0.0055012064358709875,0.0019100290246287601,5.737419917887208,4.574273165466271,6.79943469238678,5.966880465729544,7.804613996606937
0.013617280940993256,0.004416398229715416,0.003626428537032704,0.017927230787491345,0.012067156467853921,4.333376946769642,5.78366753086631,6.11766408999317,4.016279074914641,4.483915857595006
0.006809483394288213,0.0043786316606517755,0.03172489919112331,0.0010516641362185593,0.0030775523304243275,4.676520427480512,5.216240439254291,3.1386039567255426,7.063204076062917,5.7035534798205605
0.01374673253434353,0.008009974492137046,0.0016594440205906355,0.048719149359626825,0.003181966891419834,3.452126739436216,3.9343007331445863,5.803098163174479,2.481614345304691,4.935142935259222
0.07500871583438913,0.009729338412590043,0.02260627407810874,0.002549657294251354,0.005139658610786867,1.8648376509758104,3.1154180080456544,2.563146906468454,4.0479027736415745,3.6399738411338625
0.004489318172634426,0.0014749152521950101,0.003170721802413637,0.003194693316374063,0.01140794304835518,6.625902955830673,8.76341637417226,7.233811299243354,7.174758117672713,5.196894593222073
0.006600399381841003,0.01513439457717157,0.006757544625594159,0.002917889421364607,0.001960650405605071,5.5792536074436,4.499463257480773,5.597435531287998,6.850172049329819,7.6164934206579185
0.01994223015585361,0.004854627591159785,0.010928521542698548,0.0067966957848706044,0.019435431466390974,3.834699564017972,5.521656110461186,4.499051876825371,5.016809115582668,3.862791126939935
0.004414778090657132,0.0013163646725471829,0.018070532345706523,0.0006227438094530691,0.0054703871199154016,5.050101399834367,6.629777995618665,3.517585041762124,7.3914574862600295,4.801363559034938
0.0019941522530324855,0.0014807444919956744,0.00031418271818898277,0.022321960926891003,0.0007632716797234708,5.206624371872083,5.485081443656619,7.839136990511044,2.9607103781940873,6.334963003522478
0.008798968701688129,0.013856567412738694,0.007337271509089237,0.004484918637582947,0.0030205827492787276,5.494286105969415,4.881703347673744,5.819247765287888,6.520024162124635,7.248677952137761
0.012384651928251797,0.003426028486038438,0.00639906306163333,0.006953899761349152,0.018898165255692836,4.6564322937144675,6.480191056832671,5.54005052132558,5.354676800055641,4.1679548076772415
0.009495553802306891,0.016909442512972488,0.002749659194810322,0.012519562712924193,0.0023309761792409626,4.577238247133037,3.934951920970177,6.303862769896576,4.2618697915758625,6.512938915857275
0.006009710834103408,0.0012715290648265618,0.0011894683417265175,0.015450817452485357,0.010752529725876607,4.574364478398551,6.490316918088861,6.711610802574775,3.578253931351224,3.965527337598168
0.0026012143593232818,0.0018729746057459158,0.031787798130522925,0.00014072662238871205,0.0008513784423787356,4.711672113743019,5.006588068743653,2.57955357082595,7.331139856126488,5.944222751946709
0.010656145127717048,0.009876183166059474,0.00402513919762554,0.012536740642393266,0.004540412967695209,5.157424015396923,5.2618736852453845,6.695598761104789,4.936294377311572,6.442882139982695
0.015640218851744915,0.011109773316702161,0.016741482894154894,0.004472706346325301,0.005924861389037031,4.309175660790657,4.724823144531674,4.25844437606023,5.916387516644104,5.551039182351265
0.005347838974618013,0.0010312036638320367,0.0037928565113751317,0.00256282390400101,0.024149337013567848,5.169299589763635,7.559317679985988,5.623197063104959,6.1500383158927345,3.507140246769757
0.0033808973561347097,0.025251918648634065,0.001598926493277555,0.002525553351998891,0.0005044498098888798,5.141751958415822,3.098383365697657,6.212532448439521,5.502696337326996,7.6990419483799375
0.03025611563763858,0.00441594293155039,0.002051688896138714,0.04840450272674037,0.007836984694751591,2.53511731186732,4.031854750676797,4.890613390905451,2.221607577983802,3.549336112472827
0.0123464642995543,0.005534528078278582,0.013675667636956271,0.004183785903871957,0.009528846568415551,4.87936120411351,6.025268904580142,4.757392000657053,6.401839803720519,5.226133001361114
0.004630482497142146,0.002629999123291556,0.0011961929501526425,0.017093464476090597,0.0035057090347611927,5.8168408882581195,6.674845298119355,8.150952618240211,4.151294647917209,6.254415726892237
0.009336552475524248,0.01587426506473373,0.015246313262202885,0.002162290018361118,0.0021820551394854605,4.397245152434499,3.8367112781378165,3.907875244864845,6.276945191077417,6.3206942996341375
0.01159245840307705,0.0013903817867048668,0.009636482180067114,0.002240961741617237,0.03661849565635219,3.6747699896222197,5.962817257343711,3.843564986933382,5.3136500773457005,2.72995958006345
0.018904738070937212,0.06974102076269745,0.003088892003521618,0.006611395338417196,0.001066518711267861,2.754941617862405,1.9654975726010029,4.317005724777327,3.5415911971740095,5.226492698527399
0.008296600575719026,0.0026020671498386237,0.0034707264811255838,0.008304802329365923,0.014208741631734712,5.33535165686089,7.1698062288394535,6.696726494760815,5.299604594599962,4.639594081989444
0.005337225445548169,0.002514541947532571,0.0180871457534091,0.0011911892621397336,0.004610423633291998,5.49000769253818,6.61415113128902,3.981668775868348,7.773460148964026,5.703803445134215
0.005801999878831689,0.00470888607251738,0.0011387173460960906,0.02760669133918939,0.002286672429866417,4.8683091277281605,5.103722683225011,7.257630108994061,3.275312615196526,6.111700442510017
0.055179858660742126,0.016275824773638262,0.007615922776612684,0.01405842284744945,0.006841529815491069,2.3877643329604403,3.2734747044339394,4.000938999653352,3.3756960971877885,4.08499698640613
0.0012595644761323466,6.437269186348886e-05,0.00026677766223668183,0.000824906354061494,0.023580874298474636,4.678150727436742,7.318878262827879,6.1257262370383,4.716531196344877,2.4908250502874365
0.004190452309892525,0.010637214929918043,0.003966766238981278,0.0024753772204823502,0.0014149715342432736,6.7374495941855335,5.295878968961673,6.896407217855619,7.695844434101469,8.873562983068926
0.018597126525454265,0.008453828342553038,0.009840898974124,0.008654828581113229,0.010275457015486449,4.232094194552886,5.218275094122065,5.0409483319313875,5.13907408566316,4.958915968757873
0.007389876327921591,0.003370109789905717,0.02383854713960207,0.0015330213330203121,0.005502526715940831,4.9396122298382785,6.032098253029451,3.6378071867726605,7.180939829451362,5.33041542735037
0.012996867832161934,0.004523238800522515,0.0020396859575569433,0.039913282823449595,0.00689346773017965,3.847526701194293,5.00121228220302,6.116789324567893,2.8621341323666742,4.538149307939057
0.008048052511731747,0.007050674208620222,0.042960613976100716,0.0006272615026784481,0.0016469009819838794,3.762431869086962,3.8770120984391023,2.4699953092261633,6.181497416600865,5.411151848506864
0.005463390800642972,0.001879168506716164,0.006188173774296773,0.0024063642477220133,0.010813912141142908,6.198393073197407,8.121703798985175,5.974813242376114,7.559216897169324,5.184407466748054
0.005813897576530587,0.012877833817950433,0.002333706835645512,0.007431898993159498,0.0017312773722164086,5.665511705493871,4.6065459627856695,7.19695022651395,5.329160647536997,7.679569002419289
0.008130341116920193,0.002766925696673381,0.0018298294875275984,0.021592279489627213,0.008074996943451915,4.734652207476035,6.181087365067188,6.888275149623609,3.6586238553031434,4.7568920564715516
0.005831577802767222,0.0055535749786071046,0.028382398005704895,0.000763734373366208,0.001830661586932498,4.586364799724235,4.635765118257365,3.065856881957688,6.976389161425252,6.048071256247508
0.00861032950083621,0.010469805056519272,0.0010541914108681697,0.030999015435908883,0.0012368846008739632,3.5923869695831816,3.4033869184909706,5.920114716921168,2.6005249502659007,5.497949232350787
0.013167082130020089,0.011956639427861881,0.010423499729911068,0.005694089416530864,0.005232953107590357,4.857720729996877,4.994188195796439,5.203200759748781,6.010125059849628,6.1848998089096225
0.006956445510639649,0.0017296832930601739,0.004076325300994167,0.004328746947691464,0.020249189058482983,5.3005020794519035,7.4904241539002125,6.074907660468281,5.940213927572955,4.010510015349195
0.008990823939242401,0.031340034333531816,0.005419657531608627,0.004215743500416521,0.0017386043207358762,4.522707890683881,3.269287475541762,5.200177423047627,5.465155816418616,6.798641976981451
0.025338895441632245,0.003200598933650264,0.005144694992559856,0.012102002372863775,0.030920857175181116,3.0710383889826796,5.1314030621801665,4.620775766758076,3.675729163928157,2.9208314204449866
0.005509025948613543,0.0006117456486129162,0.02037644716765992,0.0002474162168439963,0.010373120248670003,3.792020619798717,5.826328831055793,2.7627967015988215,6.0930940537293505,3.2882720560144243
0.003507134535250339,0.0024848242226189836,0.001093436378194386,0.011211282232730303,0.0025994430571448903,6.760278701311403,7.349067704597546,9.067207542129525,5.018812969892249,7.307115717713148
0.006340898183961254,0.014684637144107891,0.008232455971904926,0.002246037121665696,0.0017440102459449027,5.34021486153923,4.300231324176083,5.036279638124131,6.904467897052254,7.38537745097593
0.019696551600686715,0.0038909852964738134,0.014661179998222354,0.004600473604583475,0.021657930104683698,3.6098853920694673,5.447204226441665,3.900105601543263,5.1818646628953875,3.5200157958721063
0.00879694331650227,0.049713447574679125,0.0028306801428236404,0.005447134826905257,0.0010755261727748138,3.930592957937894,2.512477773812254,5.23515901745891,4.415000799988668,6.3707595652387745
0.014568681977441354,0.0009979891037859517,0.0012401172686585936,0.019712030659078183,0.022193348383515932,2.9054186094230148,5.096185585863004,5.072683665122958,2.674097048642372,2.629031583379189
0.006035146114173974,0.003936832536023702,0.01596167723550672,0.0016677376919313023,0.004020047730680179,5.773326476841092,6.444192385740615,4.467134899681387,7.918794289816937,6.4136558772630945
0.013970243496129752,0.0077757089785059665,0.0033196641096534187,0.023255076609830196,0.006225017522279051,4.279581901004768,4.973264558202465,6.222266036496866,3.7300198211099036,5.281693111961581
0.02958225426981032,0.008584936779375454,0.02234477283042211,0.005144883377074547,0.010874885270445816,3.1706449711594837,4.374722313275525,3.4333797121796894,4.931316540060145,4.119196978539274
0.0018222063461855963,0.00019736003037915635,0.0010205782833638188,0.0007042985465219205,0.02021058022373858,5.405908692448706,8.06075190307275,6.02430816270997,6.177006454820246,3.0776576059227216
0.0012336676405232134,0.03155425833078549,0.0007583048331381611,0.000561657597673602,7.319469702396932e-05,4.773242243786598,2.297053484446576,5.577772030598747,5.518708382439514,7.502748051569482
0.012930902744636897,0.007168775238347957,0.005777867947726099,0.010706367415896026,0.008209666732570531,5.002149446957679,5.846433010725851,6.219528256266154,5.230723319857869,5.644662897861403
0.011134839500341833,0.00508581579930607,0.017626636526166348,0.0030925693621504475,0.008144447033929815,4.8327895701914585,5.931424917810553,4.283715794013273,6.660442106619043,5.246895129872405
0.006582053967983569,0.0033773667091612117,0.0014768851211562452,0.024354438590714116,0.004420721243964077,5.0835093568221845,5.990846027815563,7.390142835751139,3.6152349341354704,5.638607863010505
0.017457670531470577,0.01567565416908738,0.024891386920346578,0.0028745944620891897,0.0036264384183969153,3.541144936947589,3.6406789036155067,3.262695902119608,5.51672279340108,5.274928629821268
0.00539582331483096,0.0004658994210500887,0.0035635971781691716,0.0011417371447433391,0.05152004653917237,4.096983389673749,6.645808827877215,4.497119446249396,5.4172375318690555,2.324601216087283
0.012620488972406387,0.011224423751639357,0.005736590073851921,0.010137613687169651,0.005244591337473874,4.975484684782853,5.134118439631004,6.162145409259536,5.247748055324216,6.25713381228645
0.0054288173628932145,0.001536914056949784,0.002244272007362293,0.006188489457085723,0.01347940038845817,5.724991860065857,7.813189026776285,7.164178482387446,5.497782304542199,4.52826024290823
0.0023977533978278088,0.0015743033620903115,0.011889433993252851,0.0004107635546092362,0.0016853888932783015,6.369217359003311,7.0002848087212,4.236765821855798,8.89852093907818,6.937569612569335
0.005872255885256054,0.011226390066958126,0.001248389089289974,0.014833096765695978,0.001197512415694914,4.579556166540225,3.871645545896543,6.691438009272197,3.6289567003562526,6.554008707038209
0.02099065677640584,0.05842223578564703,0.008199403048873129,0.003461603249607208,0.0015485043263626667,2.8437165021076964,2.1841920157326453,3.6363532318971745,4.353203677935393,5.234763827254199
0.008842202331076148,0.0027903805585451145,0.004901797339240179,0.0061710663874668835,0.015426358707589915,5.372957220976628,7.226292768933608,6.272028692101752,5.865065616200909,4.6387532176811925
0.005699432782833678,0.01900833010083045,0.0037274396701418694,0.0036610524872490243,0.0014489649489981356,5.573217498405868,4.0784327125327025,6.269625641010624,6.230032174126941,7.841421629935344
0.02500286579930317,0.0063423642463360875,0.005862987341913872,0.01697368865909026,0.01488268837706438,3.447078710610063,4.911402896314585,5.046101204331417,3.78174112148456,3.9551011193590204
0.012933308115391808,0.002695512037894457,0.033033139845202834,0.0015101401346970487,0.011123807846443642,3.6298351838571294,5.299235501600202,2.8442613316139393,5.853339593891673,3.777500499340046
0.0034819707677601597,0.0007974729009324771,0.000343286394538005,0.04966077908730799,0.002502558622558696,4.1835697681714805,5.53449832115192,6.796628049517151,2.193253101407456,4.513739064620741
0.007175480929180371,0.008295025552093441,0.012844568913577346,0.0022987167725595113,0.0029469502177053163,5.591988975847761,5.391235761339379,4.826548547115337,7.432705465329875,7.033865109430318
0.007332591439879224,0.001944802929040697,0.008841594422479039,0.002416077870499365,0.015424678384906305,5.125514805516574,7.1226856603796564,4.861014865906216,6.701666846134474,4.220089220213387
0.006568111452241928,0.022748461326181534,0.0022534391874260862,0.006964557037735612,0.0013089327673345174,4.7779931802252555,3.468675333038273,6.280687987356952,4.712896780752595,7.044624127271088
0.010864340551664683,0.0020663129299092298,0.001480363662155678,0.03213663390376395,0.010826166776210825,3.696799068886802,5.434655440608735,5.968038157829299,2.777618990815356,3.7144537893621097
0.007164377416234749,0.0024091571988295816,0.11349104040329665,0.00020777602833157988,0.0017231730222288105,3.4073372269835316,4.259785211424431,1.701304325893921,6.027060440004752,4.590656152371398
0.008306925213409828,0.006108182761872497,0.0024560459576518754,0.017416008974446368,0.00437199012102473,5.313497450221768,5.74380539754072,7.300378234188182,4.3784686757835685,6.282930037984552
0.02500576830967627,0.010824692394015664,0.012214094615501865,0.008604525056587846,0.00974878413069489,3.649196030593211,4.554266530152643,4.439845967117092,4.787591370163978,4.678880177107114
0.0032833793996809957,0.0005459258706711585,0.00160197268934763,0.0023962615816924865,0.01998972218882016,5.507512973938733,8.026461099559473,6.485494046984043,5.882496517869048,3.4987598565013673
0.004394327871338725,0.03170333922675085,0.004321490245594763,0.0011092106538467853,0.0005322167025955929,4.486688972848202,2.7283655887615,4.542806356451639,5.968556465841459,6.986900392321148
0.06289389266708269,0.0019982162132909514,0.009398730419900223,0.0032455789880759573,0.02671447949954883,1.9039338081988069,4.195858846473426,3.076525464298242,3.712804729517741,2.3758569890621604
0.005301055998089288,0.002699509806671396,0.01110405281684949,0.00174554682440924,0.005489141266881744,6.292516708690521,7.499513364835278,5.173890687766395,8.27178265003034,6.2408999630626845
0.005617707418751052,0.004143519288008939,0.0015707354053696935,0.016795632581349845,0.0032946607186485396,5.772117749033651,6.2213357271283485,7.9843585144816105,4.345653659651631,6.627946015755937
0.012166304351336808,0.01932698436910709,0.012959703209436308,0.0034873937338270023,0.0029235456236204518,4.313953131726494,3.8294298805871616,4.286742648577339,5.902899347806449,6.209335716091687
0.01256718126243582,0.0017822035333078504,0.006991271639161193,0.003969466474025659,0.04060279756380894,3.834183783281465,6.117350205623854,4.449749378303337,5.059808399361206,2.8248817726961475
0.01688275594480043,0.03530425596671298,0.0025697605355630895,0.01338747803033151,0.001627196951083244,3.094833425749583,2.5536688136143977,4.945207372461445,3.271224833243164,5.351145994704969
0.006520691344714903,0.0023514458586218387,0.0026964818532809525,0.008180789799164732,0.010537814705015483,5.885133136378578,7.631820829661667,7.4057550182101375,5.515829645307919,5.198547382658413
0.004731858870183255,0.0031033265581728907,0.015926873709112277,0.0011774623267744823,0.0032026278720595704,5.909651945959901,6.572712524689546,4.297410244852643,8.208546609005204,6.5304993922796175
0.019929505692448543,0.009462804836305913,0.004221930517277807,0.02366231543664373,0.007321214017996603,3.7237412576123954,4.512763564124556,5.58460163499594,3.5418529734716775,4.8339903725182705
0.025520680733459335,0.006967765198853533,0.034600597479726054,0.0031682331431878313,0.009108215821162705,3.1115612036644467,4.341343780773624,2.887329722327822,5.1987453604559075,4.06403253252698
0.0011657813619133273,9.294567814574007e-05,0.0007597948933953928,0.0002100279884182524,0.01797281553399291,5.331985396348808,8.01636997850372,5.6937036629507,6.359392670079094,2.932225929477163
0.004502899839429022,0.011759914727967098,0.0024731259882981972,0.004491345257139864,0.0014298839861375365,6.399402223061797,4.99600351964496,7.5342523820716085,6.414026712472036,8.540763809914878
0.012228253235557193,0.005446378321292958,0.0031792263630851768,0.020759124857440227,0.007966741610757128,4.554807368558499,5.605411598367957,6.472419458149446,3.9497248875229296,5.106065132979755
0.024164794652108777,0.005665220394360618,0.01703250595732115,0.005376527547617828,0.016472872982972436,3.4658252969593746,5.035174344365191,3.8067337442922966,5.052986065501609,3.8302623017142894
0.0020481956426427776,0.0009261180221303425,0.00036858336588374574,0.017582034278176797,0.0015376800836190356,5.616270340091979,6.565496968572065,8.234048039795782,3.3593805893838495,5.998269302195822
0.002801292406452274,0.01240251137381538,0.006959316763759792,0.0002791914226438622,0.00029791377594569346,4.379647095214238,3.0981822503876826,3.5998884150234054,6.434548994033482,6.690581746053158
0.011087791043595372,0.004025019359245952,0.011805227021826304,0.003890136755308344,0.012010343422656137,4.9838839185647155,6.474811978613235,4.893906432397594,6.459711886639638,4.8739109213302765
0.00955662458153788,0.02394640247469836,0.005279350789201497,0.005595102717867218,0.0022539009747361304,4.773514757469603,3.7540320465690957,5.628094008889015,5.467855530888481,6.890582680215979
0.017472878750255907,0.003280226587695471,0.00436269622442949,0.013403490118189825,0.023786709876394287,3.6895590486409193,5.620126876411459,5.275905452133666,3.9230745094839103,3.411724760272105
0.00317278134131668,0.0015105086587390935,0.03092607733199305,0.0002411369135598802,0.0017745192153653083,4.91955464491028,5.730764757384421,2.785261855559959,7.526377096882624,5.61803979195923
0.002824105909773872,0.003982664813139805,0.00031727946217237904,0.023997800635395708,0.000394461783713524,4.159943444329627,3.8321687072704385,6.642292858573709,2.547587977083968,5.993725212174754
0.015004916166130632,0.015025820505238551,0.008196195075620057,0.00792714697479318,0.004988692451449392,4.532376296794851,4.537564225812811,5.356369403627741,5.3286186393263515,6.041140677729612
0.00742958527759396,0.0016832253957402648,0.0031734621385449114,0.005974836840925615,0.021946158834784867,4.990573652767465,7.184674401668588,6.195757985057335,5.236815230461342,3.767240967790848
0.003805875032463587,0.023282882082931704,0.0027717572117432064,0.0019096796189502685,0.0006766513895352837,5.32230521101365,3.3560208366010404,5.795369027306696,6.250405055330442,7.835240242817431
0.061725584587753415,0.007934416857966663,0.007224464044072095,0.014995945384878707,0.01319475895320214,2.273508690471747,3.8433646104467534,3.9700811707654786,3.252097635194018,3.400916347466752
0.006046171771942101,0.0008610976919548501,0.09501931960446237,9.704080991945738e-05,0.0032539883711629573,3.3045429705694986,4.815524963510304,1.687021136349411,5.915569978809389,3.827626916836287
0.007157575387895501,0.0042826935629206855,0.002499148576851226,0.01322976184572502,0.005436290359479376,5.894106943823238,6.725473612861637,7.774593913070473,5.003666937087056,6.344209802107151
0.010133383728942893,0.009329093742995192,0.015818095194757603,0.0030226252156830024,0.004126191855381883,4.9990732428554745,5.113599378732467,4.475252000579859,6.778907441924036,6.311304775456025
0.006303054969758774,0.001446529980964254,0.0060495501263559005,0.00240151058332699,0.01923066107123894,5.184847659947592,7.3964503136484465,5.220452640476479,6.520135331591685,3.8804398296401708
0.0075563571736934594,0.018598367264016397,0.0019306280332281856,0.011248278043239596,0.001492944222796398,4.465133736348469,3.5359570146742687,6.290243163609044,4.0382767995302356,6.585730525714692
0.005320355327370376,0.0008942325147334989,0.0007359654487716745,0.02159890798748697,0.008249349471806913,4.203079164467909,6.0743817673568925,6.5290847421342795,2.950051076777799,3.799162416898054
0.004889121951023357,0.004701009322017869,0.011455188480495973,0.001577755581900588,0.0026596969542059855,6.407983253572336,6.477743082088371,5.134068154843996,8.471472300464882,7.494220661188408
0.0109368355882554,0.011719111676809257,0.0035407003047525833,0.014252005992736225,0.003808038256089069,4.836873702101665,4.745152841772871,6.51686515345992,4.507900064529509,6.346197202134534
0.018509899953817736,0.01504380958666747,0.01813698898318714,0.004463645482259062,0.005055893482253863,3.848061119593921,4.0737414410464945,3.9006527571371015,5.513624654299527,5.38700096823467
0.006202325373552026,0.0008779772078595348,0.0037485005967102156,0.0025693604112923727,0.03724591766859796,4.551372597623754,7.012093420472677,5.143524414967287,5.565441728868986,2.874113934304724
0.007460879568402674,0.06129298734360441,0.004893430704881226,0.0017277108430170847,0.0006860090544256884,3.761303319531454,2.196380317426009,4.203097824731218,5.160307548855627,6.282572627853998
0.012191337240106473,0.004408682103786096,0.006883817042715381,0.007251920108698516,0.013592216110462848,4.979463148001683,6.491409996775087,5.800604730403729,5.65182194042165,4.842695813117124
0.006100910581533608,0.0022361644516841763,0.012751385784262327,0.0017143803726388607,0.008054350941942262,5.512371846611724,7.099032366872891,4.535585817149332,7.496729156499448,5.135779026080287
0.0029146605102252005,0.0021172711899797737,0.0006915703527996846,0.015245642206261296,0.0017359550035362695,6.0505916609653525,6.496146821917981,8.556559347282752,4.000576337468776,6.85706900676753
0.007025017365384121,0.02982903187288859,0.007325761877566547,0.0018147664907577745,0.001077839583808952,4.313197706874032,2.9766768735322433,4.3060487930056155,5.887723898878216,6.65933508000199
0.031819436385713745,0.0019022689811522926,0.009623351245119932,0.003751982983136974,0.04329401887617606,2.5124901998108498,4.820394633393672,3.403574898050668,4.128061521059312,2.3214240428324624
0.007506420226893618,0.014238052950264334,0.003637056829626603,0.007093479315081711,0.0023983498443009375,5.583836026076506,4.724938561064794,6.799170363094507,5.668309439845097,7.485546414683613
0.010122837629134305,0.003234542906058607,0.002932272179180495,0.014975786847585696,0.01198452980346022,4.760533145582598,6.362009284540882,6.560907103731671,4.275494080990452,4.5662007756773795
0.008482651332200788,0.004232657270040475,0.0323613467694769,0.001426921886134229,0.004587072005575668,4.517620611726205,5.3747603634537935,3.181989239207597,6.833208358052165,5.284859791747833
0.011809689834982469,0.005167333175682543,0.0015232922051950793,0.054862565097364355,0.0041344606821773315,3.6854218232865166,4.503743910441538,6.089028766582877,2.4674676716908053,4.783404521914678
0.08777649516464835,0.0063923235802477345,0.016571185957044397,0.004448799445999422,0.011082602021165656,1.8583748465737298,3.5807260342460343,2.877642734675125,3.82443282492023,3.1757700181890582
0.0035556563849940977,0.0010361959866035636,0.0023437739951032485,0.002701849806770818,0.011455698200473074,6.6483144493489155,8.95738765187918,7.372970160580165,7.073858992518698,4.91582917612131
0.0029116036700344472,0.012449475136782228,0.0021954147836002755,0.0019326595631980535,0.0007310145524592922,6.4381362489732075,4.441288960391972,6.95481571222315,7.108427050318488,8.897985676038482
0.03129270476090774,0.01444000945813057,0.006849057216837707,0.016559192636990665,0.007448543975540048,3.15413309758212,3.858843289547588,4.711873529843464,3.700724122828727,4.583278265743801
0.013571648452260658,0.0049897779801430595,0.061122295545296204,0.0011470911513065552,0.0046522905354864875,3.44336554934346,4.411977890821251,2.333087268773984,5.8540786131632645,4.499775961502444
0.00401083615241154,0.0016368132124868445,0.000313275449965052,0.09472797225029572,0.0010803893554550282,3.804430843424889,4.506073553251763,6.468230184330969,1.7633452206856635,4.964140330156899
0.007966899925097472,0.009963147486295145,0.010029342835730709,0.0031730012280313997,0.003229903995202118,5.709695228211706,5.3942831859889,5.412786769076028,7.204372185738502,7.218237188364242
0.009062883054901211,0.002628974723898702,0.0078063405043669685,0.0037978746034128775,0.016591982448946597,5.132030767537026,7.035771312172701,5.326228885496847,6.348760938733823,4.378744299533942
0.015937970470807063,0.022172837684959697,0.005850353891810536,0.010214455884828047,0.0036933519319430927,4.068865224733141,3.7339288420523746,5.325825413640101,4.5548778356296875,5.930354444430346
0.00820850352749776,0.0013989345907372687,0.0021848942625035603,0.009012601324038635,0.024505850353829725,4.332586171727498,6.5440453835971315,5.992778019275347,4.19871617075731,3.273847260992753
0.001695150585285116,0.0008260677598898424,0.020508620109171493,8.96315057976169e-05,0.0010008821599216382,5.319912458261717,6.08451824529843,2.9625811971601683,7.989120713656133,5.965029325138895
0.006921664012544833,0.00798539608454412,0.002561572847181868,0.011350545446259328,0.0029959633586523816,5.858039689218991,5.637132556096842,7.619140833842287,5.155768706507975,7.270212826728179
0.015816860072316755,0.015743204534103224,0.010435592945963527,0.006489495577652626,0.004952800617877889,4.367386449693381,4.381936275457918,4.913458637228638,5.4777781099798135,5.911578746811777
0.007893862233858562,0.0015994572230944883,0.003761596515493633,0.004984102506947908,0.027002185220193556,4.777728620766149,7.044193251293106,5.764376417776054,5.331542559294012,3.46882155577549
0.007672475404645991,0.043200924411870935,0.0038195933047235147,0.003729905825253104,0.0011377584902166938,4.311800149440852,2.7582259767494945,5.174045131096231,5.1393091013107695,6.750957748247326
0.03044576328980012,0.002457613460047055,0.003377139789345348,0.015924516500010286,0.028203007208956264,2.6120423847938095,4.744009074266568,4.509459085433099,3.05127999317066,2.6720607671224696
0.008081470894879018,0.0032678978028690873,0.011445441211793321,0.0028019175471883755,0.009450437400292454,5.526003773381151,6.991869638862956,5.038105483214086,7.189640362831343,5.309161361269013
0.005726962514474749,0.0024365839879743616,0.0015869691193271232,0.015324566461959347,0.005993329233573324,5.596951493049733,6.920810037936653,7.742701915345736,4.3246154836244965,5.545639769214958
0.006118092568854566,0.007064157992034769,0.019204870813293258,0.001241916918266394,0.002069444889304566,4.998443281791197,4.81900897214389,3.733809784786014,7.213011505162273,6.538044280131772
0.005109200229304891,0.0008343900267176399,0.00936316066560762,0.0008145763506516218,0.014934013064799953,4.62542355849577,6.804382557916193,3.960401077732058,6.5653872311139505,3.534043604216174
0.002771477066896335,0.02695410670998127,0.0008327813625542784,0.003084473762708057,0.00025237980624153643,4.507990726360759,2.6090814861788587,6.08538964047397,4.428543067592464,7.0595080973385045
0.009407970721731744,0.0044064813076725865,0.003071455927052348,0.014942934480012257,0.007858051321925274,5.242842130322821,6.374902829276795,7.037806023488755,4.630774620160357,5.507758266686602
0.009041836891898974,0.006795613732280415,0.021544924008835595,0.00215603332932369,0.004058216595664961,4.881477439796637,5.258087213154945,3.899419873435472,6.960759200054513,6.000846844349846
0.008758745157931855,0.007137359249557715,0.0017331966196217439,0.02842557415791446,0.0030467497400045096,4.481604582648808,4.7037921938943095,6.7260100183613,3.306107757369841,5.834714925949387
0.05030594155697451,0.01726871522248943,0.01335510070453822,0.00821320680083448,0.006890301340743839,2.510221289148209,3.317944989791392,3.576167695411387,3.9766124346335037,4.194480049506017
0.001954678648692448,0.00011462874396155615,0.0005664480934639458,0.0008371666096516716,0.03977363263768989,4.529109534774933,7.203266472888864,5.6862932545317815,4.969077920444072,2.2668521073359953
0.006306587309379702,0.015712792183325604,0.005359590151178063,0.0033466874550310737,0.0018540926880415962,5.732522556219317,4.523079899939979,6.038268827560219,6.7277737239922875,7.827220319748605
0.020903690331285266,0.005721036814090803,0.008640747178412539,0.009559278777402608,0.01702233331790003,3.8533045082861133,5.3954665436755835,4.876491007192941,4.6814257148781655,4.07245037332975
0.007031609138239092,0.002078543219797603,0.022768899340369787,0.0011511101275334342,0.007725394534981773,4.6090508656137805,6.1784399437743405,3.39247581049652,6.854035865008751,4.507058866356642
0.0026438652640475213,0.0015927652849087308,0.0004152171056166292,0.027959645615826634,0.0012107404836321936,5.075473270360594,5.6063303430940215,7.699690280809546,2.8697782868885056,6.007488486913061
0.015763159024367007,0.057135199589521214,0.008574740356070122,0.001382619985836387,0.0007978732612373852,2.7560627716469854,1.9831943086034194,3.2332672077698636,4.553871667677625,5.220986912149841
0.00854552308922943,0.0029372240475870844,0.005480788986149219,0.005366493546219217,0.013791806730865917,5.58872965311387,7.364627856631962,6.27896227927108,6.248394271065126,4.9224033565433345
0.010373160387501603,0.01300484996316268,0.0036831215721117804,0.012109422459526033,0.003421534258825762,4.953215437430768,4.6648054324816055,6.519477672045135,4.7502733840180085,6.580902416560746
0.005806432202457741,0.0015953504136349303,0.0016930276480353905,0.010309382363172833,0.01126774653626635,5.2531124220272325,7.175508576988178,7.1342672643014104,4.504732049570864,4.438744968849047
0.0029226510019287346,0.0023101389404904435,0.018488407500289458,0.00037246315904426795,0.001382268493190225,5.547049514198596,5.837735708270085,3.486498376068764,8.086027807249467,6.592447074215319
0.02922595317264473,0.01998966172742312,0.003185382757593869,0.023168177151461807,0.00325053265012629,2.7206500195868357,2.9889059265792937,4.750329138092946,2.8702345092240855,4.676570797092125
0.010391628525227228,0.008018093029971104,0.013689186866974186,0.0035854418048092834,0.005244352147232226,5.237055412030021,5.623614332811469,4.891193424221055,6.850527400441704,6.263262776951266
0.005069778326952851,0.0013598235427888746,0.00451787930632996,0.0024777163707796214,0.015327778160733559,5.845216788151679,8.064211972827012,5.999743024354786,6.952424198988907,4.393359063210509
0.004581005400069973,0.02119852999092427,0.0027823011733220486,0.0030061159562340483,0.0009870967846913581,5.481968299130379,3.6956288525239493,6.25632422031766,6.079667763587701,7.9022958847244755
0.0330819278795804,0.007165187028122396,0.004970177795595757,0.023197682667093558,0.012524614161446719,2.937401837400575,4.347492657149405,4.801174773402917,3.1945860301403672,3.788926853973372
0.01589969850904519,0.0023965171682368874,0.051439019742255676,0.0009036993149922509,0.009099894143291895,3.0600549256966523,4.722601578002397,2.2627901210695525,5.441291497847797,3.524898102358416
0.005783978270810402,0.0034045496664168694,0.001828417571998503,0.014050294546872675,0.004575766716738355,6.027022315897085,6.891026754759705,8.11535943491284,4.773985466548266,6.415897930752082
0.007355009126551994,0.010164100706510068,0.013480132986182386,0.002130990201029125,0.002483820430114514,5.225217368326034,4.809450587272451,4.49113467189493,7.101795720197487,6.890208860484331
0.009271129513994612,0.0019878250479815713,0.010957317586967998,0.00246546506529873,0.01964209212934779,4.478639596006008,6.523250547291496,4.2730480993182045,6.152843667991151,3.682883049879119
0.02094292665249448,0.04336679682844898,0.007154112095797899,0.006714094410793408,0.002559886257311078,3.228881732280194,2.6725427096869585,4.290009609197232,4.2950171169741465,5.450584367478829
0.00874786706100269,0.0005585482882677106,0.0015612834638676885,0.005347922867594033,0.06404299517256647,3.414602735931089,5.919711631907665,4.99713421708015,3.7878322699062204,2.0678582841948447
0.004173566589020721,0.0023375862168952847,0.011592839085158414,0.0012220790652615369,0.0038263723188919395,6.440163776226939,7.451566955480379,4.9113013893716735,8.650464588217625,6.589807951469005
0.004964576998150474,0.005342650676190521,0.0013446279902017083,0.01522109299914212,0.00209636903408782,5.7005743690098996,5.574355364989526,7.912962216391387,4.286971569206813,7.065384528674834
0.02539227223187913,0.020869716107425915,0.006864156124963266,0.013072152580814417,0.005094627440707438,3.3769103821625084,3.5562733295401405,4.780719607330612,3.9939663862379358,5.114681560362811
0.004771714583538468,0.0005930438541849705,0.0012534874196903315,0.005051348574222437,0.026976477268928704,4.533838362130203,6.96174642067863,6.110710258391838,4.44641436731123,2.9403175614234667
0.0011930491765693421,0.022694595979510974,0.000940932124715506,0.00045867507289426324,8.834055486590906e-05,5.062704130629909,2.600657276233761,5.585144623030515,6.005672798981609,7.7780799661720295
0.01720170355363763,0.009058130875544926,0.00753263136345241,0.010772989288550536,0.008820290551020562,4.389242772686675,5.20236138098646,5.491962563308774,4.93652220073802,5.240833931425902
0.010272959353676536,0.0047667760912825175,0.024342501692638595,0.002257814570664528,0.006595701746598866,4.6207565044145635,5.640670984958553,3.6852306149854037,6.7172804512357,5.185133767380133
0.008829406304175275,0.004077247385137132,0.0015437735285922115,0.03724708641753529,0.004658634436640248,4.347931155367103,5.2528569408939685,6.701627945665582,2.9828163774355834,5.120205525379415
0.011805540271455438,0.013080869719387964,0.030478783479846106,0.001233759062372052,0.0019924706602092736,3.528098359008394,3.4354250693604733,2.790720902291204,5.753853743986756,5.393775176486783
0.003549818564836683,0.00016526482383611874,0.0031046650778355288,0.00017111697467746801,0.04766262287966833,3.7758609716309404,6.346531345554444,3.8640787432538684,5.439039218474629,2.0581039901002076
0.00596582933685415,0.0102293041155071,0.002704320005077047,0.007429516448335014,0.002189903001547925,6.136700538585561,5.331150746699667,7.588961142113999,5.8073966442836,7.9307640688975365
0.007050449283239666,0.002822804329872422,0.002127624002916194,0.014257250412729638,0.007819538642139166,5.44614402640996,6.8621590047759495,7.41127895885549,4.515962102014105,5.313355183495089
0.006914578616089637,0.005907096574033418,0.022435064986815946,0.001456690289640541,0.002886618157504853,5.003888779963808,5.209060475684757,3.6930755888763303,7.241477648887768,6.240472322280922
0.01089229949166021,0.010314936515035929,0.0019022502875097318,0.028784411436393893,0.0027292730963625333,4.011820944771122,4.051214340444099,6.202611502713079,3.1172143224712525,5.637116013848624
0.045956493734299,0.02052822379139013,0.01826939899524845,0.004512569957833755,0.004396699296512816,2.3945501748281606,2.952654322089176,3.0732533305582304,4.245333325635561,4.330077774565632
0.005707343579731631,0.0017931023697305532,0.0037334559308605424,0.003974993619085953,0.013661705686237032,6.1037905172816265,8.179683511695675,6.804454974956343,6.649203700557389,4.858528069920778
0.009523486474238032,0.02049635130812029,0.006215448006452936,0.005099006452461723,0.0025069096201134036,4.958061653167743,4.056545482486749,5.603971980813363,5.810357024442101,6.9791969066462975
0.016731803786314732,0.0034936398631295077,0.00543158432260764,0.010416814316818632,0.023853375338316166,3.904004110425411,5.812151121207739,5.234186472860957,4.368728436943223,3.5639017288192205
0.006855420109974773,0.0013160447145181082,0.015428413044150081,0.0010428937860044736,0.012990656361928244,4.365704330809265,6.3455412324128275,3.542339280170977,6.447525186631791,3.7219423794360704
0.001149469507508149,0.0004966067439136744,0.00015641979961964866,0.017262501272668485,0.0007275109406062165,5.4545398517279,6.300735271619742,8.154756742242073,3.00065867153082,5.983706629267727
0.005759700689014109,0.010724102133732047,0.007631178632978944,0.0023560353664951695,0.0020017640747424367,6.006600546953963,5.117926998920519,5.626778473963205,7.516506120950051,7.871805605771505
0.014228127826015822,0.004213074049999226,0.012981341144790793,0.004443968067779145,0.015335498244597028,4.390342870732841,6.0046401911249685,4.4933094396353415,5.861773735387037,4.300525226099257
0.009629525319115399,0.03138685579708506,0.004241470188319632,0.005972915078395502,0.0018354988604428544,4.423369901702116,3.2510024318331454,5.5007906943259846,4.987354440160137,6.675581305233526
0.01762688606564581,0.0025111362802344244,0.0030005549631665724,0.017225980894201857,0.02434553582023428,3.352697450968361,5.376807825178174,5.22172485933166,3.348843067224448,3.0937191221185936
0.002649868942484637,0.0010163865364400258,0.05097139864591676,8.302450961338945e-05,0.0012078584945781963,4.393487021193704,5.257268973833439,2.159141460757807,7.067076097172839,5.19293552314713
0.012011135905896765,0.007537886884823689,0.003975921946321205,0.015473672309389877,0.006373672423501185,4.892033020349085,5.521807507713591,6.562692168015302,4.560158511745198,5.776990219147804
0.01879177458206427,0.007909290528534698,0.018067625729468097,0.004922822422243217,0.009604616248345082,4.005014104016625,5.026447624326265,4.063300718215307,5.618706543333185,4.776515490045964
0.00286599017645659,0.0005108900837181721,0.002026642148065257,0.0015063682863658567,0.016780213593346086,5.821810701730229,8.353752705231964,6.300562509283666,6.640020463836715,3.7418946315190236
0.0019363115459627071,0.017602640050843166,0.0011404664353738354,0.0013100776755371748,0.00026306058654208754,5.586552061011055,3.2682587500620017,6.436841236461942,6.0816282981909415,8.230286301424568
0.04521490525249187,0.00825690132333867,0.0022958306279828276,0.03660093705577749,0.004486881694261626,2.1645917037918743,3.289996236739679,4.499127887767581,2.2646771817990414,3.814031889023474
0.012519464784377531,0.006724343616882607,0.01669294987544092,0.0037157908617385656,0.007399132429346725,4.757755558042528,5.60727408019154,4.418853447420639,6.461130714541215,5.461771991742356
0.0055564080322222115,0.003571344550062522,0.001325360191917195,0.021320032563997386,0.003297361507394334,5.410348623214515,6.024896605523179,7.742071934708026,3.8215267377377757,6.184202886564579
0.015607432792563524,0.022189857771992342,0.016285846170715337,0.0033455766327530074,0.0029669260146342595,3.7296183657577733,3.4064977180955043,3.729771052625816,5.4689042964189705,5.675903417519144
0.009637909122595196,0.000894633504258821,0.004871119110900925,0.0025211064260535366,0.06192128526138524,3.6830570767907447,6.158388559254543,4.347341913749081,4.922442193338307,2.2812429101346323
0.01903046896226996,0.030006067300053504,0.0016202279897408092,0.014526995436076717,0.000973109771303089,2.587728808749437,2.297695111565689,4.669966857436003,2.7539227160021875,4.910527257795307
0.005802293046904628,0.0021220355819316383,0.002525214663480858,0.007220111039721998,0.009983257096625195,6.147277436951338,7.939694515004892,7.631160022047975,5.774377584779052,5.342217777487479
0.0037619336104129414,0.002748195799078111,0.012843031014669498,0.0009776337360491473,0.0025267614454828656,6.365866044619731,6.887717057883321,4.615535421446577,8.70317952069569,7.04328437070576
0.007069523557303701,0.010145574897236265,0.0018531834789092285,0.015191314219235277,0.002104109895157684,4.979192073772261,4.522111256887833,6.987884493561792,4.093186743806305,6.718274867505895
0.02291644102048517,0.031853937681272135,0.010937747627230467,0.005871665511264557,0.003386740549650424,3.282792284753102,3.0167081999517817,4.018486593981952,4.626577121766838,5.334128045520905
0.00825205481357489,0.0006547192912722931,0.002303697890931229,0.003851005728033806,0.0706135799872672,3.675090153230898,6.204575527774901,4.920480696932589,4.336063304411411,2.125045361606715
0.0061322460024068725,0.014340619808814327,0.004237824717918356,0.004227700242048455,0.0019377404435618694,5.984880771414102,4.799113451019154,6.655931060364999,6.583021906066619,8.03779234493723
0.016421894026857307,0.0055458816800872,0.005695946925273816,0.012852087129416772,0.013407507877843646,4.280523194201964,5.674701538449257,5.669112151097702,4.528457248388061,4.52145110354227
0.011330118090098356,0.00319822203115023,0.02020293069797611,0.002421396173259969,0.012040612906639613,4.29955965842805,5.91880381981241,3.6926278387264926,6.271915668870714,4.235585892806081
0.005092346127617676,0.0016115652768201717,0.0008499902711747681,0.028792436746326047,0.00462082943563644,4.690209814832195,6.063523375927112,7.136184763855402,3.0118106232654336,4.819732407912495
0.006937311178970576,0.007473158640524445,0.03718030041324775,0.000445946342538694,0.001121722967632744,3.705765036189926,3.6287199937968015,2.44807939281282,6.121461940858627,5.504341941914109
0.006166179286200012,0.002033894562335336,0.006970083960822311,0.002563687479844384,0.011902957258506609,5.884625081895142,7.792970762877852,5.67649045607141,7.282518850718411,4.95249749095038
0.0075278533547582715,0.016843191937351898,0.0029835525273966914,0.00803765379778759,0.002025249364924967,5.169868280217007,4.191641651207113,6.601555031767409,5.086702982496059,7.203139339028061
0.009722613945585691,0.002622085935209785,0.002114351203813991,0.020075786238780646,0.01150732423195291,4.387154564828117,6.062682041778143,6.436881955705354,3.613973026974495,4.211666749837311
0.010234495795292748,0.004107001148751609,0.05387900998824517,0.0010150540521569132,0.004347254511725727,3.828117215265573,4.7780892043249175,2.484781455810343,6.2557832398898165,4.741184069738167
0.007059251357599186,0.002653580378288449,0.0005966953906193026,0.09975091325416492,0.0019371411781457482,3.551031677768183,4.3597824750105385,6.156887299895721,1.819997453132563,4.712955412861151
0.016842534993800007,0.00828005302825803,0.009964444859559085,0.00783173274250335,0.009575727697248876,4.453701721955803,5.375872296447773,5.144533760078704,5.40413642016138,5.1740617611881605
0.0033583314751168434,0.0008025257980354733,0.0019264069945923977,0.0026770556320706365,0.013698327974493253,6.207576752003416,8.617727062180753,7.106202294178238,6.524561841092665,4.336219383954652
0.004590244610834695,0.018280364276795736,0.0054760258411308965,0.0015333714862375435,0.0009346890540329681,5.195173681026581,3.6494194585553927,5.010659564127244,6.698727482476261,7.527376486371585
0.039706572937108706,0.004841381204809376,0.018408055633063795,0.004924836132926938,0.019789221599607873,2.629999657492562,4.462286148772747,3.219799873174243,4.412106659355496,3.1498886842701084
0.001446958164345007,0.0002869413577076881,0.024748582003060262,2.308010081645149e-05,0.0014986348595208687,4.623658756116516,6.086048507430557,2.4822906057164507,7.252218552608416,4.6600916462263
0.004933017107210269,0.004571043396753851,0.001477261952881295,0.014003510811713164,0.0025583427981491196,6.063741714499406,6.1653042613909355,8.24452927854557,4.643884595414191,7.178227533646112
0.008830327801020142,0.02055412847802037,0.008775064690576522,0.0031362975222972147,0.002124858207593643,4.776489583375153,3.837125546828387,4.832337479735831,6.186939466499009,6.848808145806075
0.020133978511000534,0.0031384420215685212,0.009411054958059488,0.005880044689281605,0.03190962001251108,3.4734589744582736,5.535364815072543,4.2349596643352285,4.711151784430543,3.08051470675703
0.009126502432396745,0.03777902755175641,0.00199140430672795,0.008629180901342634,0.001030759050235508,3.7287890554294325,2.5887132770569456,5.4361394122087905,3.775728264959081,6.091494004673216
0.0054143678112023325,0.00034998029438478153,0.00041035207052648895,0.017721267130533347,0.01217095438261202,3.4106378942306703,5.576440273431563,5.710825515455271,2.579025711998521,2.858009021674873
0.0047592383570767465,0.0039949902182715045,0.011302676617158284,0.0015542371548497487,0.0029693633475507165,6.5546514927581265,6.8625329242030055,5.222821722714879,8.639967918677144,7.404900691249169
0.01244390523649637,0.010285120880132859,0.004129032220965511,0.01484660214180599,0.005037068548055023,4.757998418059921,4.999167241925084,6.382063716368285,4.532809351024688,6.023738438858759
0.01840267695404862,0.01084079192081044,0.020232204639550305,0.004369060727753934,0.006589213414460716,3.9381863798801278,4.53090529539254,3.8645612467045383,5.664255493515115,5.146797171982837
0.004308225592615967,0.00068850073084249,0.0030322619433085225,0.001901377260917091,0.02587093191176759,5.123501337104169,7.611617663224926,5.568583388214522,6.123023023892503,3.2502012939968394
0.0032675509883133254,0.0334981360149646,0.00140614961659124,0.002277394070411728,0.00037198925160513346,4.763789224563337,2.668498832043211,5.891672261380087,5.1648401249812155,7.366579228890133
0.0113510712775764,0.0058336096260233625,0.004440696065916661,0.012288439311889525,0.008268953205276874,5.15913757275159,6.1408928831069876,6.630848217789356,5.026455301879651,5.614520067410951
0.013375762349703803,0.005097554871723714,0.015198484301694456,0.0040376677289934255,0.011052436724786553,4.585242759692314,5.897879512095372,4.439508091154608,6.191903603835766,4.823268558915959
0.004446907808026431,0.0022500608299325063,0.0010378066392822641,0.019215993844528448,0.0035247498151423132,5.580594379812003,6.567022721758703,7.975311425636213,3.831510789244249,5.929610428677717
0.006043806104856207,0.012170430767828122,0.014050464281808452,0.0011261951718155058,0.0013174381891130796,4.6105672281175405,3.8609261360150238,3.7487627561929036,6.667941071107625,6.603628525456214
0.010486660751066966,0.0010386932341215824,0.014534058278782966,0.000994988684186688,0.025233563950841597,3.466091505783686,5.685936814272995,3.1848101508609137,5.466677689045233,2.774473499067294
0.00985670101537233,0.014960092143601689,0.0063448276256286166,0.005982932000419493,0.0032862498311639296,5.282791401829445,4.737741481645495,5.9845541307253445,6.000073486792012,7.026348670794937
0.011108412560545032,0.0030183580715715734,0.004575682107347307,0.008670178427234018,0.018425394361138655,4.736967772239536,6.606348438703789,5.973206857033163,5.019813462028643,4.151371780135814
0.0038959834117726724,0.001990825631967455,0.018142532432295293,0.0006862604757764984,0.0030623739983637347,5.627620407636882,6.598617592908818,3.774093436503188,8.068236587845313,5.983182160644655
0.007301004220132828,0.006700575324939784,0.001217069800294025,0.03228179792360665,0.0020466559533403573,4.299892745529723,4.370521827973697,6.657477502577364,2.942133332939645,5.820368905604157
0.06534481332828865,0.022256985769750635,0.010247792645514417,0.007240255120788629,0.004386120570659293,2.095436227889265,2.7694589864363155,3.399575766584519,3.636563017129342,4.136641499181277
0.005498238372838776,0.001672029914928813,0.0031023112845551936,0.004467581835496905,0.013793719586898201,6.052002547873279,8.159194298368767,7.009017804257308,6.334598574379706,4.762459247111299
0.005834914052078879,0.018879359069230484,0.004683121739229548,0.0030369592202295673,0.0014803401284752837,5.509503347641791,4.064795950471201,5.884895976683458,6.486698206250008,7.758008001825284
0.028741288313007866,0.0063916417410097084,0.008726968402890747,0.011442961728745179,0.017788440509598727,3.3016832056556398,4.871931612663105,4.528997553824784,4.158173293462663,3.750534140965907
0.00755356071663572,0.0018289848331792678,0.033010063549662856,0.0007804540326252966,0.007190894559327613,4.1209040653190545,5.699396690017935,2.8152958105568264,6.483657157051675,4.180978115338422
0.006569636316599291,0.001083045155158961,0.0005561743156513011,0.060996516626145095,0.0047158465439187626,3.594085886337905,5.161486984893001,6.135085274185421,2.04832502187027,3.897942896134679
0.009923658114199999,0.007387975661372046,0.01646111784546602,0.0029561459135065042,0.004902003382765095,5.115255745996134,5.527748415988163,4.4967758053335585,6.936186996503168,6.146192328867791
0.004610016933862213,0.0011342224545268513,0.004708197920457986,0.001916218978807371,0.015073530893545916,5.735092777169504,7.996756657103032,5.6815291773044665,7.035822946388124,4.223086701994403
0.005587580060798062,0.01258630604873859,0.0014910459510715465,0.010738922667577734,0.0012814989258396363,4.954178930811169,4.015901607343806,6.885174256118725,4.205015246092048,6.997164571247416
0.004128221780060334,0.0009328054516143799,0.0006305422125597284,0.021959638825155912,0.005308631191227561,4.635431394318703,6.303766153616056,7.048566748169127,3.0483036626089866,4.38599825620069
0.002036392399127576,0.0024030214908155956,0.024221629817911646,7.029496442578365e-05,0.0003613515569692687,4.3922337498674615,4.20816200830973,2.513984812756073,6.94718036243348,6.0724630207822745
0.00754870898107123,0.00919836080996874,0.003081957136840315,0.010131744323452546,0.0031486596917282444,5.8175182721473915,5.521109602579683,7.392543469594206,5.388630507252987,7.294133701121741
0.013300050004562183,0.014332798694796204,0.011482525120700717,0.005021521911216552,0.004440725009550935,4.653474634125734,4.57827754008504,4.877944198825582,5.9594725214608655,6.192659130523507
0.008616602028056598,0.0018536737257034434,0.0049496660723000515,0.0045149759511303915,0.025803933510932412,4.778736701928317,6.986328806792511,5.505376575321127,5.600310500018627,3.5866221903198245
0.006925809439201792,0.03545884969415461,0.00456553963287095,0.00292490362679662,0.0011530493628067375,4.552126501180462,2.986058210288917,5.0963202637064615,5.609922560538055,6.9661443948762
0.039961512610724836,0.003480509300739265,0.00590189404241624,0.011603909578468501,0.02935238624649899,2.526236825234936,4.6090375477234,4.1189598660368185,3.4348092547220337,2.7423562638763848
0.006911690911049596,0.0031200724997157117,0.011470671156403846,0.002360429635184429,0.007562915588499064,5.8509399504540225,7.194547907244528,5.113784265883848,7.636504900125229,5.718870257140059
0.0038140563013149805,0.002815905853225412,0.0010855864861060425,0.013519429903984586,0.002497028377813713,6.341737434365863,6.818093260802154,8.682982446134442,4.58705605077982,7.067451567565134
0.007488501321514811,0.019076227670776054,0.008817111863769512,0.0024372581700114184,0.0017559801230888083,4.86502524355832,3.8215048493603683,4.709390027087858,6.415495835372727,6.980905523442828
0.021976405262824593,0.0031870738816721133,0.012300896991720153,0.004813473887011677,0.02982650144405136,3.2962820099627845,5.3355009557768875,3.835191289794097,4.798151513770285,3.04358008426138
0.00845823245217566,0.054780132191868,0.002025745696880011,0.00596924850415224,0.000774206312571314,3.643964927456245,2.258937355183893,5.186470409673344,3.9569540652685373,6.11998062173543
0.008930968453781895,0.0034497498384997516,0.0034507660882645372,0.010758554786149023,0.010655647302043554,5.4009775874182555,6.903734000421438,6.93721032916068,5.120178771153893,5.165227453947565
0.0070991297830290375,0.004087143473648618,0.01973140939295506,0.0017464346466249518,0.004657543020484416,5.30022178632929,6.103277963498548,4.047222821742375,7.470253636907316,5.910558355082227
0.01319503241924521,0.006483028542619952,0.002602713772622282,0.03019299419654682,0.005983348699259156,4.124086622478402,4.938417115572041,6.250882324283169,3.307967821393503,5.062431958262328
0.04054667922673452,0.0077957515016883,0.020310303900428588,0.005730104862025769,0.013249073019597192,2.7372222137979922,4.187950005915234,3.300175471603435,4.482589960284725,3.666857734269623
0.001002203070138319,7.543102188461225e-05,0.00045219143769708887,0.00029843193186357127,0.017049738772854497,5.4172752743362835,8.127735100809952,6.1708165932016135,6.051013581949569,2.9383098759205724
0.0037657988212468183,0.01156663019171852,0.00292941039852574,0.0026122185921904303,0.0011583931952890898,6.665726675701167,4.988572874770676,7.171002538237627,7.310304154198905,8.943040025819547
0.021034676752715174,0.010224177592242697,0.007044510688875112,0.013692799049218314,0.008880826843150148,3.9266959743856873,4.747584138661164,5.2672231675567405,4.369695945219423,4.9293333623164965
0.012863500147276025,0.005182871660873966,0.0326503295407944,0.002205919908496343,0.006916230588772855,4.054654597814912,5.121279571811969,3.177775300820472,6.227534982050168,4.759510832270964
0.006834102871623023,0.0030589241797148873,0.0009626713789404102,0.050548801351279114,0.003199557199745347,4.21893980816762,5.08025155600002,6.725716529682338,2.522626284696293,5.0783806806542415
0.01161296195922952,0.015486437847897286,0.027055035530811386,0.0006944915176859966,0.0011213154226129532,3.116932768088654,2.8967981142548846,2.5464510493663415,5.380160482248709,5.1999135037824376
0.007596525629200892,0.002269096309229016,0.006604313772337241,0.0034622097552018897,0.015489178040377163,5.4699376160839694,7.433912403605715,5.65885977235855,6.61949704467665,4.536229868868845
0.01748849421711944,0.018493262153363072,0.006371245006842744,0.011243933736254482,0.004601015078836522,4.055396824394497,4.001412466387802,5.322264328314991,4.534974005015213,5.734211809870144
0.00661996332362025,0.0012210456383219717,0.002033544107494145,0.0071906747634402765,0.02230023296568436,4.70008021685727,6.951437192006736,6.269317471254081,4.5691538094503334,3.4436941001447368
0.0019409183113645648,0.0008552217332300868,0.019320867643755932,0.00012831123137110705,0.0013688750235475071,5.398475858628934,6.327869566638324,3.1129507609358886,8.03720229634588,5.851935572100168
0.00238911551647621,0.003857135804404956,0.0002708346911219599,0.019610482999054553,0.0003112884647349691,4.2399165458751655,3.802042988414823,6.703996289245517,2.647681700234059,6.1235817742737515
0.011535639525086438,0.012332475815093162,0.007121702453536006,0.00700947856922673,0.004541085450635208,5.1827307950656225,5.099608193827888,5.9296463433906865,5.878834172738379,6.611761736306485
0.007550759894771751,0.002132005503948739,0.0035777106213208116,0.006297303538818871,0.01672002724164113,5.374700458674819,7.395902711879122,6.520793327301337,5.590533465026478,4.367543144306379
0.006996208486929131,0.024044385953895714,0.0035070635955288393,0.005031260024494897,0.0015615679354658118,5.035420126740594,3.6591870651974245,6.063544691635445,5.472141946085476,7.302140900274411
0.020008685333061892,0.0040352157074198605,0.0035845578467244006,0.02190823202581425,0.016599185999898514,3.4439339275979948,5.15378906142375,5.348376632742874,3.3341009567274806,3.6276466346200262
0.015050535908063701,0.0017538048218731874,0.02240975068741969,0.001410029238755057,0.019948493863693732,3.224927815433868,5.269505372747643,2.911690995985296,5.321876959627709,3.0054337384314174
0.0045123279479405524,0.0024270882111429746,0.0015233503062754403,0.01099081907376781,0.004467878898717327,6.529021697326697,7.630063827062145,8.630393220664011,5.174220859708466,6.5603639108881255
0.005725032019586692,0.007952683504553465,0.011979462504867252,0.0017168987370641436,0.0021331104690873602,5.681840184589611,5.223956760039598,4.714043278934889,7.6383513751832215,7.299102104757214
0.008197323701474264,0.0020613667426949197,0.012635033363906896,0.0020770835866839913,0.014253021463713548,4.739989018031219,6.643837663976245,4.211855336647234,6.57231058344547,4.0980986904714465
0.004919345935079877,0.027647484490079706,0.0018768956840092752,0.004331503557630166,0.0007880371178531844,4.8152597296468285,3.098475434614894,6.14151569313349,4.96540406401251,7.2644960258097
0.01695843620378408,0.002502366717030107,0.0015270108386013933,0.04747354114901569,0.00996798728182127,3.0343792580483804,4.7210113220892,5.391871619396557,2.3114141565921105,3.482379511204093
0.0068282019247473446,0.005575521601200736,0.014469689435850643,0.002088573533154879,0.0037313853356116134,5.77337451726564,6.089253682094309,4.746578633955768,7.754592052770997,6.751643964867032
0.00975026707944419,0.00830419353155579,0.0026614208387153184,0.0188964170167669,0.003970400487940573,4.881609613431836,5.079320006502759,6.841494398699823,4.105384175501629,6.1531075975836025
0.02768214053423294,0.014512667513587062,0.015513577900477736,0.006911347413307139,0.007355084719438206,3.3778122544639246,4.0057036340176735,3.964704547533262,4.806282253840529,4.772166138058369
0.004107950780973248,0.0005261214898466773,0.001919592128722805,0.0022961162922445705,0.03267362508592554,4.858941222847362,7.410264668075481,5.766446883761526,5.474185779723576,2.8821167851499387
0.003680254336831697,0.04124288288305401,0.0033196240956665356,0.0007669808369865357,0.00031511773486527606,4.2325983778315255,2.3323430052388705,4.39718849515886,5.70039572258687,6.811017116551494
0.01468854291501394,0.005622962260448932,0.0088886261829883,0.007199630617399951,0.012660802570765219,4.6562535634584306,5.989348777617699,5.332392353764682,5.561203671863729,4.846555035743228
0.005971348688885153,0.0024289331727980795,0.015987747472010733,0.0014757607058265639,0.006343229939426788,5.425786893957302,6.8042216026549855,4.186431382363847,7.573118189889604,5.346110288727766
0.004863592893254773,0.003249267649458729,0.001001761909123637,0.02534781199978639,0.0025115502704073796,5.191334487623697,5.705169822409312,7.6351985777877776,3.406413099218869,6.111541934917284
0.014917238131579517,0.031085558542686305,0.013982147888401752,0.0026213816547059334,0.0019849155988352846,3.4403457338888543,2.846340523460362,3.5377416047362584,5.211174711664598,5.6187456929355575
0.0102968237111942,0.0005081978637350959,0.0036671579767507284,0.0016154110525674298,0.10274120242122901,3.1703594626170557,5.743128189034051,4.008010647282948,4.476405801050385,1.766022890206544
0.010872649634872202,0.013734981376658835,0.004349073231821005,0.010648981023518952,0.0036451548265407003,4.975994386811173,4.681354999705807,6.367987762384759,4.996976299050313,6.603480570266111
0.0067198500022841905,0.0018428447656412576,0.0021208574276701344,0.009887425601800347,0.013202955004014,5.1720633222741075,7.1113620475949615,6.919127137670775,4.650393281430507,4.350747964115155
0.003235321991654247,0.0022602390570250807,0.019174760998839215,0.00045628070304378306,0.0017557624055309347,5.576377739861431,6.048461500799163,3.5430782334849025,8.101763636804623,6.450433386106277
0.03325263750548842,0.01497891768468947,0.0036969893308519816,0.026817983894640508,0.004809819618933812,2.7223644824107676,3.3348745743043255,4.758829774623361,2.8593838368329383,4.438597562726524
0.02008054566680419,0.004658266025440278,0.08488077855810586,0.00052297464562719,0.0029431289891650035,2.5814258149071745,3.611169610498189,1.7978556727258994,5.1083493866204615,4.035712145328591
0.0042392702762270714,0.0014068841599523519,0.0038524140133189854,0.002416299486307001,0.010632332012016814,6.700234301639676,8.828170426620233,6.840687013179727,7.680578141094071,5.277280200281749
0.004323074258945716,0.01384306478408057,0.0025888408236362554,0.003619725982239286,0.0012260158733755032,6.200945674870607,4.590798139851053,7.125541345366899,6.490771530477705,8.47514170763729
0.018175666499769906,0.0072498303501216535,0.00419523591235487,0.022086669275801458,0.009091392836899446,3.911797609542889,4.959085349422363,5.740827995437192,3.6942137191634594,4.691672790508243
0.02286589471750874,0.005393673880298491,0.027843065256294094,0.0034504632899487447,0.012515953269639288,3.307090456213232,4.7847550529858225,3.15041682227605,5.286640560608728,3.8703764227888637
0.002561116325334649,0.001016574271538401,0.00034864356354900964,0.0324657938863208,0.0015544844676412728,4.876283040482019,5.8272971560245255,7.519587285029254,2.6480331653156304,5.4404853126512185
0.007454658284225256,0.010418483455052764,0.00977250603986212,0.0028988965012491734,0.002833788200688323,5.710420344813706,5.239735015709085,5.3580118042121425,7.246344632630157,7.332324187737246
0.010308831877343059,0.0029070458378570867,0.009173982264578497,0.0038924299543153028,0.017133070133271058,4.861923153727771,6.719440894881543,5.007096969872055,6.181065720392113,4.257429690047966
0.014806158842314229,0.026380468340470916,0.005599300136291172,0.0089312506175255,0.0030659853526630518,4.049244675265856,3.482986340691475,5.254225302639238,4.602812330460953,6.054879935299658
0.010071930323317631,0.0015306593753126934,0.002355867518157738,0.010460746495381642,0.027513858903784792,3.988019207197896,6.189165959393923,5.696326151216955,3.9192426274626717,3.082664289383158
0.003074147081072242,0.0008353870778918179,0.038039185168303964,0.00012779637321505988,0.0023247442425754867,4.470736074855235,5.7494022118494925,2.421703699547938,7.078863842003167,4.787414365647094
0.005701781473149082,0.005149567420909291,0.0018427076530830176,0.01357592240012284,0.003032985159032652,6.051279156855795,6.198940628651476,8.108909078960549,4.845776761010144,7.128049799969751
0.020338623022986137,0.012768545998665896,0.008031124991797364,0.011303134481869743,0.007243929882489346,4.005332804288127,4.529706725950571,5.149024298164785,4.644666890437014,5.250441764565278
0.004399902465627572,0.0008770039588500508,0.0017865368051402358,0.00422607461697017,0.018587036523466948,5.393291507441261,7.760786822282902,6.700051266039397,5.411515462504005,3.7343506085471034
0.0031384427312092307,0.02360960798592227,0.0025968833488293677,0.001260029672134585,0.00046423340466112615,5.187769075475688,3.1268816765854774,5.476661340776673,6.311265841284616,7.749097169448693
0.09559540784497551,0.00691559268872794,0.008758924063482065,0.00950164204615088,0.012406119286620335,1.8537445644186867,3.601038269122202,3.4424662241685144,3.3199644750633435,3.1472624937461173
0.007260046279936417,0.003875075787931357,0.015508527069114906,0.002116789922898523,0.005826154306573838,5.580634267893211,6.583407415937544,4.570669202616455,7.576010870122973,5.911489191375261
0.010357885364760344,0.004850379623437819,0.002544705172593152,0.02269950581722936,0.006778814929849018,4.7008284816010475,5.702436760534157,6.754487716990233,3.8173907984238786,5.260968714882453
0.01020789842111342,0.0091194593151278,0.02715316574443678,0.0018423060035282733,0.003123630779171185,4.268605973713468,4.394048272373513,3.328610250193908,6.43135660027872,5.756243019339607
0.004556020821354672,0.0005736113294644775,0.005463631287809762,0.0008366526526398992,0.023804016642761747,4.574208221259195,6.976869697738967,4.372112009503209,6.2234554934721125,3.0282091941677667
0.005773760257530846,0.03186124146848182,0.0009814641210692558,0.007429594215485983,0.00042635527977490876,3.628948358060648,2.3797766395199433,5.533580036191518,3.423159995385088,6.056004913879885
0.007538341103396825,0.0028353234285668767,0.00251581651530625,0.012195251802560553,0.009442114029944902,5.44672643043145,6.9876724410322035,7.24233415224402,4.7835398653257775,5.14840669263415
0.005710187894984577,0.004464693502889344,0.020181823308048605,0.001255257255098733,0.0028446348558144497,5.370989929256264,5.716199508593039,3.868519266890772,7.6635255804387645,6.404695841201604
0.015277583482450877,0.011644237417335489,0.0027474382690733717,0.027946001735754858,0.003974077941343014,3.7742988903310217,4.036701417945511,5.843031609487036,3.217086544941447,5.309962889650422
0.03748876627283801,0.01361905040951238,0.028334917483848112,0.003580913334597666,0.005551841099773256,2.6159188073761346,3.3999006011264736,2.841135480055148,4.649087178956763,4.2575507414507925
0.0015336637452086186,6.578322479393152e-05,0.0006493264615142192,0.00019553477659752042,0.048675459695028296,4.422773029699421,7.137498219240355,5.1110932504518,5.385031878239834,2.0440062903068448
0.008720959661566219,0.013644986649283115,0.007053321145431422,0.004638088627868645,0.003038992730769585,5.545398046733627,4.935242777854196,5.923813823633577,6.512396546307818,7.290147990066612
0.012106025116818917,0.003449231058326861,0.00611186607505142,0.00720459459548788,0.01818136500180965,4.722610303707905,6.524944178075366,5.654777814766601,5.350662017638529,4.246316007361738
0.005442090305053862,0.0015851553324066335,0.011325934251248114,0.0013648235089593732,0.009511855986671479,5.3046121570649465,7.146847224466144,4.375580821319956,7.289177782840766,4.604388669943386
0.0018318545071171284,0.0011891692736726535,0.00039249415861595285,0.013041047075480318,0.0011317074386027507,6.1412957733589275,6.686744839779694,8.755785715710047,3.842817202563812,6.835091147851072
0.004529898686853066,0.030695191838260444,0.005109139100747462,0.0008934320187495134,0.0004990568238957134,4.290016971527757,2.6585625926629968,4.205454633316758,5.926435906943312,6.76317500682079
0.012670446438245126,0.005014682690425886,0.009208950588259195,0.005887885991603683,0.012063468030624537,4.954469356509168,6.314835129626572,5.400157682402515,5.994316492675861,5.0215924261941955
0.0072753276151110114,0.017648222154592497,0.003381536858675922,0.0065429539895834,0.0019772016323750846,5.3168571770833415,4.221559969194129,6.531591261668395,5.465917678990631,7.397051568665919
0.012673497434521716,0.003474863746053988,0.0029272949004785984,0.019595214084844204,0.013126861505928872,4.194417030841513,5.8148430096847585,6.1089427669562415,3.7238537467628476,4.168197359764408
0.007494281266274755,0.0038633755331236226,0.043948091734080964,0.0008564361205591172,0.0033053556308009456,4.2711318538469705,5.012833428140145,2.702211714061878,6.721843979019395,5.230357124290198
0.01151805410310746,0.00501838059681833,0.0010495016152893175,0.0773354832256831,0.002592887387459561,3.3047700573503276,4.003705660948934,5.8102206278595,2.0209766251776733,4.670476554314778
0.015196625368491807,0.008549200554296576,0.011114880716459444,0.006429462618639989,0.008268863122326194,4.654086014440508,5.425434285292989,5.0824215267516735,5.7870566511857,5.466781143926361
0.003933323397245117,0.0009811300813327884,0.002481613643429788,0.0027724199108818542,0.01490926532200565,6.0961991092716445,8.461981493762142,6.831359224853851,6.607557665338455,4.326910717705625
0.0034202431079410674,0.017923391680417906,0.0019795135951362597,0.0025180584376857025,0.0007027177403145413,5.742964592933446,3.7634917666067174,6.613979653284239,6.182115962784631,8.234039977681546
0.03147683968970297,0.00855924639064778,0.0038442415502335926,0.03124676966335435,0.00840124911208003,2.8846685209287797,4.021219604042215,4.941429990128509,2.8679077049189408,4.0586226539728285
0.023968019547150093,0.00333944229832163,0.059552062751041,0.000988278073091244,0.0074952744136161644,2.635381586755487,4.178611899036872,2.091647033523393,5.0512854703305505,3.5255743947401266
0.005262134263236328,0.0034339315792812665,0.0015871246658969009,0.014666079209956821,0.003738079515610452,6.064564218371922,6.746608234953466,8.245390720976912,4.644503221652658,6.636351078836333
0.014726252582235403,0.015820002548663094,0.014489700136763524,0.004373554719585807,0.004217527610049216,4.268301410918399,4.1979574936270545,4.331196053123946,5.803234840871042,5.90033446090952
0.008569235907696916,0.0014572626688016958,0.0051016297209100095,0.003613832973191789,0.033964794210252516,4.442637736453555,6.768171607449044,5.06075347224531,5.464689781486171,3.1090051796101847
0.0231846527431952,0.02154156635888483,0.003289833753355387,0.021162477777933352,0.003148847723420692,3.0456943823054727,3.0934759322075793,4.992817611095631,3.102302506711354,4.998291227776417
0.0020798401830762116,0.00014758210713704392,0.00029492260745990614,0.004024946801701899,0.014423632183241481,4.390148734591894,6.799515545334529,6.344975387850745,3.7799602049817813,2.8832967541395575
0.0031097195525956285,0.002469573862737223,0.01038510501765855,0.0008505510179929191,0.0020890366769049326,6.805405565233356,7.210207508344187,4.967802331135505,9.16231574512595,7.525954922880907
0.007760526267300352,0.012593080686877188,0.0022771170754894003,0.012804671334207223,0.0022127607429763456,4.970445671814796,4.372598577879856,6.806622108626858,4.368129556603941,6.8037520552742015
0.017533634672667508,0.028685733111636604,0.012422906058759462,0.004410783517326627,0.0029994842363087124,3.615577892950571,3.1864334785891995,4.0038120818179905,5.110214850030678,5.656098362520909
0.01092844043971278,0.0009867129289886617,0.003878795843645475,0.0038899464393543776,0.06717869787584857,3.563747016238045,6.037210802671496,4.581673691523407,4.517615718041256,2.2254597986927833
0.0022106803732406064,0.06407341060572573,0.0013537286831629568,0.0006361204527621689,0.0001185401194332613,4.1960499098230075,1.891210868225893,4.865804521695832,5.24762956467925,6.901955602824145
0.012475817670082314,0.005874555138816733,0.006363097525060984,0.008916722010456396,0.009950985454342847,5.093311816961227,6.211146080542108,6.11100461428071,5.526234987207258,5.413438361684756
0.008557687405315836,0.0036324698154003828,0.015339790787150245,0.002478323462280181,0.008170949069644587,5.230573730604538,6.531621436289282,4.4827209388480656,7.11498531881786,5.296765476740204
0.007627503590023577,0.003161776446048177,0.0017924537904874462,0.022060257134802672,0.0063957354229493045,4.95571787517905,6.171267205063703,7.146523833336284,3.747729501484169,5.199398080590053
0.006384341311386269,0.0075825091915497,0.022252365500393265,0.0010520005823255435,0.0018546421944148443,4.654115291962706,4.455654281412931,3.392312740047534,6.914751808667711,6.28241380571901
0.0046761358634937085,0.0005655466113597892,0.008570790226100473,0.0005030517159141403,0.01717227725480117,4.337879658095099,6.608776930671379,3.741327282777638,6.295781922793562,3.1557039368192163
0.0049999071293509445,0.010838613336540372,0.0025820708166610076,0.005439067162974605,0.0017194915349676787,6.398272486612381,5.232291115542042,7.651011293162609,6.271985954845578,8.396362980963946
0.009620890834300162,0.004224015412197623,0.0027588148618213617,0.017669556297353152,0.007866939664124608,5.001285137892497,6.174018075938086,6.924324469505923,4.251992086306163,5.282727217924327
0.010263864614041022,0.007366959601447969,0.026178588717915792,0.00210640130368463,0.004076499849199618,4.494679837907252,4.896372094057241,3.531132468078397,6.628378171427947,5.6947198357002105
0.007733182712242228,0.0062052652815730745,0.0013231671500502325,0.034008058769747954,0.00247124588688472,4.343868584593139,4.567683148009498,6.701770043788464,2.970634080564275,5.73364275306898
0.06855977014858133,0.017647350424204105,0.010975397341416155,0.008402012587534619,0.00596976579067283,2.1368910801721546,3.0376808942976123,3.456033023779995,3.631589557697943,3.988120078615725
0.00491781847630468,0.001546928264289572,0.0028642380887708447,0.004092488662180192,0.012493112281101166,6.31595694958774,8.439145725888004,7.252758530057207,6.57115804731356,4.956152115837202
0.004822877054282606,0.015183315536344564,0.0046033563263709176,0.0023820664153636154,0.001311952320642856,5.881816196959886,4.37559737530431,6.007056988148968,7.007623697857211,8.126848784053346
0.028785937111347127,0.007683399086627001,0.011965694157018203,0.008894331184628438,0.01478201440201184,3.3657399593350226,4.748153615510086,4.260341616730698,4.528344096519334,4.013906848850325
0.005920275989511243,0.0018998605934030203,0.03284454826053293,0.0006499423892788012,0.004880307076036176,4.494916867432767,5.838467401160621,2.891351966787848,6.931712565767225,4.724495073110772
0.0024415880766098037,0.0017619106232797793,0.0003083713288013465,0.034156255611657985,0.0007379707138370316,4.656970628393304,4.930673394551936,7.2871306591616385,2.5044914900518838,5.921419656103891
0.008472167188321306,0.013995106266829569,0.008357332041720986,0.0037029841752007873,0.002788674428679197,5.412668238481049,4.7526633392817335,5.48135098339547,6.674484722924504,7.211528693915771
0.01350861506240403,0.003425933339100648,0.008059913461981332,0.005870443870534345,0.02075895956512736,4.423393359540546,6.286804183095343,5.0643828143091305,5.429994874452932,3.950811409048738
0.011131310730489698,0.023602184843593034,0.003287907473413441,0.010935086586056027,0.002271389916365425,4.237111945911454,3.4832223425680837,5.814848226446293,4.253677866007896,6.306615367739307
0.007829097490753176,0.001280739586950908,0.0013807322496420574,0.015872869490479988,0.015608059153557586,4.086693958944065,6.127597769625265,6.1557893971304205,3.392402087948379,3.4430626775914646
0.0021383056218541034,0.0011061760459192991,0.04185802358378529,6.529102780259747e-05,0.0007733972933614016,4.533067454348821,5.105071412290897,2.2527115809093776,7.212675760395013,5.570964635210246
0.012224650437257898,0.00921426824858667,0.0041528279465627115,0.014740282278426869,0.005479254690608923,4.849562049993115,5.220491152934647,6.4669961168689385,4.605916345079328,5.981887350627553
0.018120674824526416,0.009647939488724874,0.019287128179187225,0.004554675966576687,0.007438262237936502,4.022977621036255,4.752503698805578,3.9776210190962593,5.705017870888811,5.077637883066925
0.003833980964834988,0.000662458660565048,0.0027461316212819965,0.0018314909330041718,0.021877777395671656,5.395485314057101,7.885421416048395,5.837954705180319,6.335677423028629,3.470252532559702
0.004250306797848377,0.03671772019836841,0.001724494923328642,0.002990236780742145,0.0005263838483761815,4.6238577139270465,2.6813075231782397,5.79739361984617,5.015012216720137,7.18127497617471
0.02535260291883137,0.002111318168183423,0.0014055916160931356,0.04289125580743829,0.010250329814592122,2.4786117492190116,4.315035659788082,4.868938504591148,2.1402033186692258,3.1092603077726206
0.010108257394698237,0.004525411763704597,0.010921894291008684,0.003981077207751526,0.009590046658887194,5.367841739872053,6.629962907351407,5.264038776051115,6.776233884161285,5.44711315613782
0.004494193938494139,0.0024444061245183224,0.0013177777802337463,0.01362237345865441,0.003978359190644094,6.172234819520698,7.17365932408759,8.41252873614935,4.628425822897978,6.382129522074789
0.0058992621427949275,0.009906054802620173,0.01227344869788631,0.0015817254945602686,0.0017910914574047942,5.266448429648135,4.6116213157169685,4.3866809166739635,7.226893430760904,7.085471541450966
0.010493506720237848,0.0020037485895631943,0.015412281932332506,0.0020178304357066417,0.018205666306651012,4.091099860652406,6.077444926441423,3.684823171568981,5.991349959226935,3.541025177223636
0.015273283719413087,0.06601741789238705,0.005973519178404904,0.004073546290814279,0.0014074234566363326,3.2403745886733515,2.218217406216233,4.137466493954882,4.458859266812609,5.663882633723912
0.00944194756455876,0.0032903810888373327,0.004919777534510222,0.0071990202403108584,0.013608991129440348,5.394431250940672,7.084279509880499,6.407169684668729,5.7574259590647525,4.9002817131403775
0.003831178315487758,0.002275681192684584,0.012847216458133802,0.0009849493343328994,0.003147687718405048,6.303995371552308,7.175942583675467,4.585370849222439,8.628736261133895,6.632236675880838
0.005680656721469588,0.006834459161057316,0.0014023277140401184,0.01695989211689338,0.0019706253378128946,5.234954510826207,4.973810406886647,7.42359548986779,3.9622881600981414,6.787540607405998
0.028738646974616287,0.028792202155054354,0.008126774390508344,0.009665665320217587,0.0041376938425230604,3.0736080051262955,3.073723160773816,4.2994674983392445,4.050766787791835,5.044438350230432
0.005339625079310558,0.00044551437591112074,0.001224331538414344,0.004117597942032418,0.045600616314264354,4.031153628944878,6.551150597164063,5.533704682542055,4.228298906974654,2.362800248346835
0.004491252018712241,0.012441183903598645,0.003567147178912206,0.002957986417359705,0.0014141188590329691,6.460643661477676,4.962813043968258,6.920215475821679,7.182649289042414,8.65160792753589
0.020062050596683565,0.008341500389597802,0.007450755652796269,0.012279824954834947,0.010714133117182001,4.039501014988015,5.086632668627221,5.272605380135396,4.564511956994492,4.77088094534256
0.011021708677775438,0.004082808808551078,0.02808979050026514,0.002072475215542014,0.007712002460206996,4.305676352422341,5.546330225827894,3.369715303951627,6.459312383987331,4.723972769786656
0.007724418910843026,0.002881533146294177,0.001148254129098866,0.04518270695011529,0.0044878289428164206,4.202611898194257,5.30161287828424,6.652507566511936,2.658577930245662,4.8183808922187294
0.013844554390338715,0.011003759069217496,0.04251688466902063,0.0008363213667535965,0.001811014464357956,3.0955530704677336,3.2702091405740785,2.347273375870431,5.445659310229961,4.946779740504945
0.006182087472918847,0.0019059953750569763,0.005691233789894765,0.0029428486599487173,0.013807542672108424,5.855013853488539,7.87779619577845,5.961691374674137,7.001472016813422,4.743701249748344
0.0071810992179579,0.013301539587987436,0.002430722903431214,0.010264720218660442,0.00208319007654318,5.21102245278338,4.435536204545282,6.904678927002548,4.75761693727353,7.115864570450527
0.006284259909125509,0.001813434003738323,0.0013958740015266296,0.017475092759019838,0.00843765601729183,4.873183056868433,6.552389349759038,7.042803598046977,3.727565383844484,4.534536362260583
